[gd_scene load_steps=8 format=3 uid="uid://c7qe0xi3j4j6"]

[ext_resource type="PackedScene" path="res://objects/Gameplay/Common/HQ_PlayerSpawner.tscn" id="1_uv302"]
[ext_resource type="PackedScene" uid="uid://jv31so3xcr7p" path="res://addons/bf_portal/portal_tools/types/PolygonVolume/PolygonVolume.tscn" id="2_cjtf1"]
[ext_resource type="PackedScene" path="res://objects/entities/SpawnPoint.tscn" id="3_wkrva"]
[ext_resource type="PackedScene" path="res://objects/Gameplay/Common/CombatArea.tscn" id="4_b0ir7"]
[ext_resource type="PackedScene" path="res://static/MP_Contaminated_Terrain.tscn" id="4_igpry"]
[ext_resource type="PackedScene" path="res://static/MP_Contaminated_Assets.tscn" id="5_b0ir7"]
[ext_resource type="PackedScene" path="res://objects/Gameplay/Common/DeployCam.tscn" id="5_rr4fd"]

[node name="MP_Contaminated" type="Node3D"]

[node name="TEAM_1_HQ" parent="." node_paths=PackedStringArray("HQArea", "InfantrySpawns") instance=ExtResource("1_uv302")]
transform = Transform3D(1, 0, 0, 0, 1, 0, 0, 0, 1, -143.925, 323.123, 7.12557)
AltTeam = 0
ObjId = 1
HQArea = NodePath("HQ_Team1")
InfantrySpawns = [NodePath("SpawnPoint_1_1"), NodePath("SpawnPoint_1_2"), NodePath("SpawnPoint_1_3"), NodePath("SpawnPoint_1_4")]

[node name="HQ_Team1" parent="TEAM_1_HQ" instance=ExtResource("2_cjtf1")]
transform = Transform3D(1, 0, 0, 0, 1, 0, 0, 0, 1, 0, 2.5, 0)
points = PackedVector2Array(5, 5, 5, -5, -5, -5, -5, 5)

[node name="SpawnPoint_1_1" parent="TEAM_1_HQ" instance=ExtResource("3_wkrva")]
transform = Transform3D(0.999884, 0, -0.0152535, 0, 1, 0, 0.0152535, 0, 0.999884, 0, 0, -3)

[node name="SpawnPoint_1_2" parent="TEAM_1_HQ" instance=ExtResource("3_wkrva")]
transform = Transform3D(-0.9995, 0, -0.0316198, 0, 1, 0, 0.0316198, 0, -0.9995, 3, 0, 0)

[node name="SpawnPoint_1_3" parent="TEAM_1_HQ" instance=ExtResource("3_wkrva")]
transform = Transform3D(-0.0428871, 0, 0.99908, 0, 1, 0, -0.99908, 0, -0.0428871, -3, 0, 0)

[node name="SpawnPoint_1_4" parent="TEAM_1_HQ" instance=ExtResource("3_wkrva")]
transform = Transform3D(0.0841819, 0, -0.99645, 0, 1, 0, 0.99645, 0, 0.0841819, 0, 0, 3)

[node name="TEAM_2_HQ" parent="." node_paths=PackedStringArray("HQArea", "InfantrySpawns") instance=ExtResource("1_uv302")]
transform = Transform3D(1, 0, 0, 0, 1, 0, 0, 0, 1, -67.2392, 323.267, 47.119)
Team = 2
AltTeam = 0
ObjId = 2
HQArea = NodePath("HQ_Team2")
InfantrySpawns = [NodePath("SpawnPoint_2_1"), NodePath("SpawnPoint_2_2"), NodePath("SpawnPoint_2_3"), NodePath("SpawnPoint_2_4")]

[node name="HQ_Team2" parent="TEAM_2_HQ" instance=ExtResource("2_cjtf1")]
transform = Transform3D(1, 0, 0, 0, 1, 0, 0, 0, 1, 0, 2.5, 0)
points = PackedVector2Array(5, 5, 5, -5, -5, -5, -5, 5)

[node name="SpawnPoint_2_1" parent="TEAM_2_HQ" instance=ExtResource("3_wkrva")]
transform = Transform3D(0.87795, 0, -0.478754, 0, 1, 0, 0.478754, 0, 0.87795, 0, 0, -3)

[node name="SpawnPoint_2_2" parent="TEAM_2_HQ" instance=ExtResource("3_wkrva")]
transform = Transform3D(-0.997604, 0, 0.0691822, 0, 1, 0, -0.0691822, 0, -0.997604, 3, 0, 0)

[node name="SpawnPoint_2_3" parent="TEAM_2_HQ" instance=ExtResource("3_wkrva")]
transform = Transform3D(0.162758, 0, 0.986666, 0, 1, 0, -0.986666, 0, 0.162758, -3, 0, 0)

[node name="SpawnPoint_2_4" parent="TEAM_2_HQ" instance=ExtResource("3_wkrva")]
transform = Transform3D(-0.165771, 0, -0.986164, 0, 1, 0, 0.986164, 0, -0.165771, 0, 0, 3)

[node name="CombatArea" parent="." node_paths=PackedStringArray("CombatVolume") instance=ExtResource("4_b0ir7")]
transform = Transform3D(1, 0, 0, 0, 1, 0, 0, 0, 1, -85.6095, 287.693, 253.579)
CombatVolume = NodePath("CombatVolume")

[node name="CombatVolume" parent="CombatArea" instance=ExtResource("2_cjtf1")]
transform = Transform3D(1, 0, 0, 0, 1, 0, 0, 0, 1, 129.825, 48.4888, -105.306)
points = PackedVector2Array(-260.236, -369.973, -244.319, -307.679, -222.066, -244.757, -245.037, -195.037, -259.609, -118.65, -255.204, -45.0149, -243.875, 14.1452, -207.973, 90.0047, -162.344, 157.346, -100.981, 179.059, -28.6187, 188.666, 37.8426, 181.604, 134.85, 172.217, 239.189, 150.518, 329.993, 103.052, 390.07, 124.864, 496.753, 75.7652, 457.959, 1.20822, 351.276, -107.293, 168.361, -212.894, 10.8555, -317.903, -56.0587, -348.364, -100.502, -444.241, -131.462, -506.661, -215.237, -510.321, -296.425, -494.902, -318.452, -474.448, -318.767, -426.301)
height = 100.0

[node name="Camera3D" type="Camera3D" parent="."]
transform = Transform3D(1, 0, 0, 0, 0.101056, 0.994881, 0, -0.994881, 0.101056, 22.219, 921.564, 86.9254)

[node name="DeployCam" parent="Camera3D" instance=ExtResource("5_rr4fd")]

[node name="Static" type="Node3D" parent="."]

[node name="MP_Contaminated_Terrain" parent="Static" instance=ExtResource("4_igpry")]
metadata/_edit_lock_ = true

[node name="MP_Contaminated_Assets" parent="Static" instance=ExtResource("5_b0ir7")]
metadata/_edit_lock_ = true