[gd_scene load_steps=35 format=3 uid="uid://6rafstk312el"]

[ext_resource type="PackedScene" path="res://objects/gameplay/common/DeployCam.tscn" id="1_4wq1e"]
[ext_resource type="PackedScene" path="res://objects/gameplay/ai/AI_Spawner.tscn" id="2_378yv"]
[ext_resource type="PackedScene" path="res://objects/gameplay/common/VehicleSpawner.tscn" id="3_f5jxt"]
[ext_resource type="PackedScene" path="res://objects/gameplay/common/HQ_PlayerSpawner.tscn" id="4_ylamf"]
[ext_resource type="PackedScene" path="res://objects/entities/SpawnPoint.tscn" id="5_k7nlv"]
[ext_resource type="PackedScene" path="res://objects/props/SignStoreSouk_01.tscn" id="6_xyolp"]
[ext_resource type="PackedScene" path="res://objects/props/StoreFrontSign_05_C.tscn" id="7_56wof"]
[ext_resource type="PackedScene" path="res://objects/props/SpiceBag_01_A.tscn" id="8_rwepo"]
[ext_resource type="PackedScene" path="res://objects/props/SpiceBag_01_B.tscn" id="9_ad1x0"]
[ext_resource type="PackedScene" path="res://objects/props/SpiceBag_02_B.tscn" id="10_20tcb"]
[ext_resource type="PackedScene" path="res://objects/props/Cart_01.tscn" id="11_1v8ss"]
[ext_resource type="PackedScene" path="res://objects/lightfixtures/PalaceHangingLamp_03.tscn" id="12_a70nq"]
[ext_resource type="PackedScene" path="res://objects/props/AmmoChest_Small_01.tscn" id="13_cgtvl"]
[ext_resource type="PackedScene" path="res://objects/gameplay/common/InteractPoint.tscn" id="14_b0pqt"]
[ext_resource type="PackedScene" path="res://objects/props/VendingMachine_01.tscn" id="15_1iqxx"]
[ext_resource type="PackedScene" path="res://objects/gameplay/common/WorldIcon.tscn" id="16_rcgah"]
[ext_resource type="PackedScene" path="res://objects/props/BarrierStoneBlock_01_A.tscn" id="17_c6u7u"]
[ext_resource type="PackedScene" path="res://objects/props/BarrierStoneBlock_01_C.tscn" id="18_p5dj0"]
[ext_resource type="PackedScene" path="res://objects/props/BarrierStoneBlock_01_H.tscn" id="19_h2ea7"]
[ext_resource type="PackedScene" path="res://objects/props/BarrierStoneBlock_01_G.tscn" id="20_ul1wx"]
[ext_resource type="PackedScene" path="res://objects/props/StreetTrashBin_01.tscn" id="21_g83ep"]
[ext_resource type="PackedScene" path="res://objects/props/TableSmall_01.tscn" id="22_pjt5h"]
[ext_resource type="PackedScene" path="res://objects/props/TableSmall_Chair_01.tscn" id="23_33i3c"]
[ext_resource type="PackedScene" path="res://objects/props/WaterCooler_01_B.tscn" id="24_35ju7"]
[ext_resource type="PackedScene" path="res://objects/props/CarpetRoll_01.tscn" id="25_vm21t"]
[ext_resource type="PackedScene" path="res://objects/gameplay/common/CombatArea.tscn" id="26_22r0h"]
[ext_resource type="PackedScene" path="res://static/MP_Abbasid_Terrain.tscn" id="28_gute8"]
[ext_resource type="PackedScene" path="res://static/MP_Abbasid_Assets.tscn" id="29_vkuyf"]
[ext_resource type="PackedScene" path="res://objects/gameplay/common/AreaTrigger.tscn" id="30_hju1i"]
[ext_resource type="PackedScene" path="res://objects/props/CounterStore_02.tscn" id="31_bgxhf"]
[ext_resource type="PackedScene" path="res://objects/fx/FX_Granite_Strike_Smoke_Marker_Violet.tscn" id="32_7ycb7"]
[ext_resource type="PackedScene" path="res://objects/props/BarbedWire_01_B.tscn" id="33_ay3n7"]
[ext_resource type="PackedScene" path="res://objects/gameplay/common/PlayerSpawner.tscn" id="34_l27y1"]
[ext_resource type="PackedScene" path="res://addons/bf_portal/portal_tools/types/PolygonVolume/PolygonVolume.tscn" id="2_cjtf1"]

[node name="MP_Abbasid" type="Node3D"]

[node name="DeployCam2" parent="." instance=ExtResource("1_4wq1e")]
transform = Transform3D(0.0488498, -0.968288, 0.245014, 0, 0.245307, 0.969445, -0.998806, -0.0473572, 0.0119832, -79.4799, 107.359, -13.2433)

[node name="Camera3D" type="Camera3D" parent="DeployCam2"]
transform = Transform3D(1, 0, 0, 0, 1, 0, 0, 0, 1, 0, -1.39698e-08, -1.33177)

[node name="ModBuilder_GruntSpawner 1" parent="." instance=ExtResource("2_378yv")]
transform = Transform3D(0.984807, 0, -0.173648, 0, 1, 0, 0.173648, 0, 0.984807, -73.1814, 64.1563, -101.665)
ObjId = 1

[node name="ModBuilder_GruntSpawner 2" parent="ModBuilder_GruntSpawner 1" instance=ExtResource("2_378yv")]
transform = Transform3D(0.984808, 0, -0.173648, 0, 1, 0, 0.173648, 0, 0.984808, 33.3056, -0.235802, -9.68967)
ObjId = 2

[node name="ModBuilder_GruntSpawner3" parent="ModBuilder_GruntSpawner 1" instance=ExtResource("2_378yv")]
transform = Transform3D(0.939693, 0, -0.342021, 0, 1, 0, 0.342021, 0, 0.939693, 69.7938, -1.6023, -32.3257)
ObjId = 3

[node name="ModBuilder_GruntSpawner4" parent="ModBuilder_GruntSpawner 1" instance=ExtResource("2_378yv")]
transform = Transform3D(0.866027, 0, -0.500001, 0, 1, 0, 0.500001, 0, 0.866027, 116.507, -1.6418, -26.7487)
ObjId = 4

[node name="ModBuilder_GruntSpawner5" parent="ModBuilder_GruntSpawner 1" instance=ExtResource("2_378yv")]
transform = Transform3D(0.999749, 0, 0.0224079, 0, 1, 0, -0.0224079, 0, 0.999749, 149.533, -1.784, -13.1023)
ObjId = 5

[node name="ModBuilder_GruntSpawner6" parent="ModBuilder_GruntSpawner 1" instance=ExtResource("2_378yv")]
transform = Transform3D(0.642788, 0, -0.766045, 0, 1, 0, 0.766045, 0, 0.642788, 139.105, -1.4871, 30.2127)
ObjId = 6

[node name="ModBuilder_GruntSpawner7" parent="ModBuilder_GruntSpawner 1" instance=ExtResource("2_378yv")]
transform = Transform3D(0.48481, 0, -0.87462, 0, 1, 0, 0.87462, 0, 0.48481, 136.147, -1.65841, 40.8916)
ObjId = 7

[node name="ModBuilder_GruntSpawner8" parent="ModBuilder_GruntSpawner 1" instance=ExtResource("2_378yv")]
transform = Transform3D(0.34202, 0, -0.939693, 0, 1, 0, 0.939693, 0, 0.34202, 94.2098, 0.154694, 57.5747)
ObjId = 8

[node name="ModBuilder_GruntSpawner9" parent="ModBuilder_GruntSpawner 1" instance=ExtResource("2_378yv")]
transform = Transform3D(0.173648, 0, -0.984809, 0, 1, 0, 0.984809, 0, 0.173648, 145.515, -0.0907059, 87.4093)
ObjId = 9

[node name="ModBuilder_GruntSpawner10" parent="ModBuilder_GruntSpawner 1" instance=ExtResource("2_378yv")]
transform = Transform3D(0, 0, -1, 0, 1, 0, 1, 0, 0, 117.139, 0.349693, 112.086)
ObjId = 10

[node name="ModBuilder_GruntSpawner11" parent="ModBuilder_GruntSpawner 1" instance=ExtResource("2_378yv")]
transform = Transform3D(-0.173648, 0, -0.984808, 0, 1, 0, 0.984808, 0, -0.173648, 103.437, 0.154694, 136.947)
ObjId = 11

[node name="ModBuilder_GruntSpawner12" parent="ModBuilder_GruntSpawner 1" instance=ExtResource("2_378yv")]
transform = Transform3D(-0.342021, 0, -0.939693, 0, 1, 0, 0.939693, 0, -0.342021, 83.6255, 0.154694, 137.001)
ObjId = 12

[node name="ModBuilder_GruntSpawner13" parent="ModBuilder_GruntSpawner 1" instance=ExtResource("2_378yv")]
transform = Transform3D(-0.5, 0, -0.866026, 0, 1, 0, 0.866026, 0, -0.5, 61.4447, 0.154694, 134.5)
ObjId = 13

[node name="ModBuilder_GruntSpawner14" parent="ModBuilder_GruntSpawner 1" instance=ExtResource("2_378yv")]
transform = Transform3D(-0.642788, 0, -0.766044, 0, 1, 0, 0.766044, 0, -0.642788, 32.1115, 0.154694, 154.59)
ObjId = 14

[node name="ModBuilder_GruntSpawner15" parent="ModBuilder_GruntSpawner 1" instance=ExtResource("2_378yv")]
transform = Transform3D(-0.766045, 0, -0.642788, 0, 1, 0, 0.642788, 0, -0.766045, 35.9173, 0.0919952, 178.786)
ObjId = 15

[node name="ModBuilder_GruntSpawner16" parent="ModBuilder_GruntSpawner 1" instance=ExtResource("2_378yv")]
transform = Transform3D(-0.866026, 0, -0.5, 0, 1, 0, 0.5, 0, -0.866026, 35.2401, 0.780899, 161.189)
ObjId = 16

[node name="ModBuilder_GruntSpawner17" parent="ModBuilder_GruntSpawner 1" instance=ExtResource("2_378yv")]
transform = Transform3D(-0.939693, 0, -0.34202, 0, 1, 0, 0.34202, 0, -0.939693, 35.4588, 0.154694, 190.149)
ObjId = 17

[node name="ModBuilder_GruntSpawner18" parent="ModBuilder_GruntSpawner 1" instance=ExtResource("2_378yv")]
transform = Transform3D(-0.984809, 0, -0.173648, 0, 1, 0, 0.173648, 0, -0.984809, 25.4664, 0.154694, 194.26)
ObjId = 18

[node name="ModBuilder_GruntSpawner19" parent="ModBuilder_GruntSpawner 1" instance=ExtResource("2_378yv")]
transform = Transform3D(-1, 0, 0, 0, 1, 0, 0, 0, -1, 15.5938, 0.154694, 197.009)
ObjId = 19

[node name="ModBuilder_GruntSpawner20" parent="ModBuilder_GruntSpawner 1" instance=ExtResource("2_378yv")]
transform = Transform3D(-0.984808, 0, 0.173648, 0, 1, 0, -0.173648, 0, -0.984808, 2.11606, 0.154694, 219.925)
ObjId = 20

[node name="ModBuilder_GruntSpawner21" parent="ModBuilder_GruntSpawner 1" instance=ExtResource("2_378yv")]
transform = Transform3D(-0.939693, 0, 0.342021, 0, 1, 0, -0.342021, 0, -0.939693, -41.7956, 0.768394, 229.839)
ObjId = 21

[node name="ModBuilder_GruntSpawner22" parent="ModBuilder_GruntSpawner 1" instance=ExtResource("2_378yv")]
transform = Transform3D(-0.866026, 0, 0.5, 0, 1, 0, -0.5, 0, -0.866026, -67.6005, 1.4119, 199.249)
ObjId = 22

[node name="ModBuilder_GruntSpawner23" parent="ModBuilder_GruntSpawner 1" instance=ExtResource("2_378yv")]
transform = Transform3D(-0.766044, 0, 0.642788, 0, 1, 0, -0.642788, 0, -0.766044, -76.5488, 2.4379, 219.224)
ObjId = 23

[node name="ModBuilder_GruntSpawner24" parent="ModBuilder_GruntSpawner 1" instance=ExtResource("2_378yv")]
transform = Transform3D(-0.642788, 0, 0.766045, 0, 1, 0, -0.766045, 0, -0.642788, -100.693, 2.7043, 228.293)
ObjId = 24

[node name="ModBuilder_GruntSpawner25" parent="ModBuilder_GruntSpawner 1" instance=ExtResource("2_378yv")]
transform = Transform3D(-0.5, 0, 0.866026, 0, 1, 0, -0.866026, 0, -0.5, -129.904, 1.73289, 193.29)
ObjId = 25

[node name="ModBuilder_GruntSpawner26" parent="ModBuilder_GruntSpawner 1" instance=ExtResource("2_378yv")]
transform = Transform3D(-0.173648, 0, 0.984809, 0, 1, 0, -0.984809, 0, -0.173648, -108.028, 1.2585, 153.207)
ObjId = 26

[node name="ModBuilder_GruntSpawner27" parent="ModBuilder_GruntSpawner 1" instance=ExtResource("2_378yv")]
transform = Transform3D(-0.173648, 0, 0.984809, 0, 1, 0, -0.984809, 0, -0.173648, -129.923, 1.2979, 108.331)
ObjId = 27

[node name="ModBuilder_GruntSpawner28" parent="ModBuilder_GruntSpawner 1" instance=ExtResource("2_378yv")]
transform = Transform3D(0, 0, 1, 0, 1, 0, -1, 0, 0, -110.598, -1.2073, 92.6577)
ObjId = 28

[node name="ModBuilder_GruntSpawner29" parent="ModBuilder_GruntSpawner 1" instance=ExtResource("2_378yv")]
transform = Transform3D(0.173648, 0, 0.984808, 0, 1, 0, -0.984808, 0, 0.173648, -107.51, 0.263596, 71.6143)
ObjId = 29

[node name="ModBuilder_GruntSpawner30" parent="ModBuilder_GruntSpawner 1" instance=ExtResource("2_378yv")]
transform = Transform3D(0.342021, 0, 0.939693, 0, 1, 0, -0.939693, 0, 0.342021, -82.04, 1.4912, 61.7686)
ObjId = 30

[node name="ModBuilder_GruntSpawner31" parent="ModBuilder_GruntSpawner 1" instance=ExtResource("2_378yv")]
transform = Transform3D(0.5, 0, 0.866026, 0, 1, 0, -0.866026, 0, 0.5, -60.6803, 0.538696, 32.9819)
ObjId = 31

[node name="ModBuilder_GruntSpawner32" parent="ModBuilder_GruntSpawner 1" instance=ExtResource("2_378yv")]
transform = Transform3D(0.642788, 0, 0.766045, 0, 1, 0, -0.766045, 0, 0.642788, -47.2018, 0.0259933, 76.9427)
ObjId = 32

[node name="ModBuilder_GruntSpawner33" parent="ModBuilder_GruntSpawner 1" instance=ExtResource("2_378yv")]
transform = Transform3D(0.766045, 0, 0.642788, 0, 1, 0, -0.642788, 0, 0.766045, -39.7472, 0.863899, 38.3838)
ObjId = 33

[node name="ModBuilder_GruntSpawner34" parent="ModBuilder_GruntSpawner 1" instance=ExtResource("2_378yv")]
transform = Transform3D(0.866026, 0, 0.5, 0, 1, 0, -0.5, 0, 0.866026, -25.2057, 0.0814972, 15.0237)
ObjId = 34

[node name="ModBuilder_GruntSpawner35" parent="ModBuilder_GruntSpawner 1" instance=ExtResource("2_378yv")]
transform = Transform3D(0.939693, 0, 0.34202, 0, 1, 0, -0.34202, 0, 0.939693, -17.0999, -0.0670013, 4.15955)
ObjId = 35

[node name="ModBuilder_GruntSpawner36" parent="ModBuilder_GruntSpawner 1" instance=ExtResource("2_378yv")]
transform = Transform3D(0.984808, 0, 0.173648, 0, 1, 0, -0.173648, 0, 0.984808, -8.13116, 0.192696, 3.9314)
ObjId = 36

[node name="ModBuilder_GruntSpawner101" parent="ModBuilder_GruntSpawner 1" instance=ExtResource("2_378yv")]
transform = Transform3D(0.939693, 0, 0.34202, 0, 1, 0, -0.34202, 0, 0.939693, 5.01405, 79.7447, 58.9847)
ObjId = 101

[node name="ModBuilder_GruntSpawner102" parent="ModBuilder_GruntSpawner 1" instance=ExtResource("2_378yv")]
transform = Transform3D(0.939693, 0, 0.34202, 0, 1, 0, -0.34202, 0, 0.939693, -0.429459, 79.7447, 64.9075)
ObjId = 102

[node name="ModBuilder_GruntSpawner103" parent="ModBuilder_GruntSpawner 1" instance=ExtResource("2_378yv")]
transform = Transform3D(0.939693, 0, 0.34202, 0, 1, 0, -0.34202, 0, 0.939693, 6.7561, 79.7447, 68.7786)
ObjId = 103

[node name="ModBuilder_GruntSpawner104" parent="ModBuilder_GruntSpawner 1" instance=ExtResource("2_378yv")]
transform = Transform3D(0.939693, 0, 0.34202, 0, 1, 0, -0.34202, 0, 0.939693, 1.09842, 79.7447, 74.858)
ObjId = 104

[node name="ModBuilder_GruntSpawner105" parent="ModBuilder_GruntSpawner 1" instance=ExtResource("2_378yv")]
transform = Transform3D(0.939693, 0, 0.34202, 0, 1, 0, -0.34202, 0, 0.939693, 8.4921, 79.7447, 78.7097)
ObjId = 105

[node name="ModBuilder_GruntSpawner106" parent="ModBuilder_GruntSpawner 1" instance=ExtResource("2_378yv")]
transform = Transform3D(0.939693, 0, 0.34202, 0, 1, 0, -0.34202, 0, 0.939693, 3.06945, 79.7447, 84.7508)
ObjId = 106

[node name="ModBuilder_GruntSpawner107" parent="ModBuilder_GruntSpawner 1" instance=ExtResource("2_378yv")]
transform = Transform3D(0.939693, 0, 0.34202, 0, 1, 0, -0.34202, 0, 0.939693, 10.2707, 79.7447, 88.7106)
ObjId = 107

[node name="ModBuilder_GruntSpawner108" parent="ModBuilder_GruntSpawner 1" instance=ExtResource("2_378yv")]
transform = Transform3D(0.939693, 0, 0.34202, 0, 1, 0, -0.34202, 0, 0.939693, 4.60254, 79.7447, 94.7308)
ObjId = 108

[node name="ModBuilder_GruntSpawner109" parent="ModBuilder_GruntSpawner 1" instance=ExtResource("2_378yv")]
transform = Transform3D(0.939693, 0, 0.34202, 0, 1, 0, -0.34202, 0, 0.939693, 11.9545, 79.7447, 98.346)
ObjId = 109

[node name="ModBuilder_GruntSpawner110" parent="ModBuilder_GruntSpawner 1" instance=ExtResource("2_378yv")]
transform = Transform3D(0.939693, 0, 0.34202, 0, 1, 0, -0.34202, 0, 0.939693, 6.55794, 79.7447, 104.535)
ObjId = 110

[node name="ModBuilder_GruntSpawner111" parent="ModBuilder_GruntSpawner 1" instance=ExtResource("2_378yv")]
transform = Transform3D(0.939693, 0, 0.34202, 0, 1, 0, -0.34202, 0, 0.939693, 13.7279, 79.7447, 108.317)
ObjId = 111

[node name="ModBuilder_GruntSpawner112" parent="ModBuilder_GruntSpawner 1" instance=ExtResource("2_378yv")]
transform = Transform3D(0.939693, 0, 0.34202, 0, 1, 0, -0.34202, 0, 0.939693, 7.99855, 79.7447, 113.802)
ObjId = 112

[node name="AI_Spawner 1#AI_Spawner" parent="." instance=ExtResource("2_378yv")]
transform = Transform3D(0.984809, 0, 0.173648, 0, 1, 0, -0.173648, 0, 0.984809, 24.8676, 2.30207, 131.097)
ObjId = 201

[node name="AI_Spawner 1#VehicleSpawner" parent="." instance=ExtResource("3_f5jxt")]
transform = Transform3D(0.984809, 0, 0.173648, 0, 1, 0, -0.173648, 0, 0.984809, 31.6921, 2.57819, 130.497)
ObjId = 200

[node name="TEAM_1_HQ" parent="." node_paths=PackedStringArray("InfantrySpawns") instance=ExtResource("4_ylamf")]
transform = Transform3D(1, 0, 0, 0, 1, 0, 0, 0, 1, -82.6759, 61.8853, -12.9623)
AltTeam = 0
ObjId = 1
InfantrySpawns = [NodePath("SpawnPoint"), NodePath("SpawnPoint2"), NodePath("SpawnPoint3"), NodePath("SpawnPoint4"), NodePath("SpawnPoint5"), NodePath("SpawnPoint6"), NodePath("SpawnPoint7"), NodePath("SpawnPoint8")]

[node name="SpawnPoint4" parent="TEAM_1_HQ" instance=ExtResource("5_k7nlv")]
transform = Transform3D(-0.617654, 0, -0.78645, 0, 1, 0, 0.78645, 0, -0.617654, 6.1609, 0.447399, -0.610996)

[node name="SpawnPoint3" parent="TEAM_1_HQ" instance=ExtResource("5_k7nlv")]
transform = Transform3D(-0.672509, 0, 0.740089, 0, 1, 0, -0.740089, 0, -0.672509, -1.85661, 0.2882, 0.614704)

[node name="SpawnPoint2" parent="TEAM_1_HQ" instance=ExtResource("5_k7nlv")]
transform = Transform3D(-0.853314, 0, 0.521397, 0, 1, 0, -0.521397, 0, -0.853314, 3.9884, 1.8472, 4.93628)

[node name="SpawnPoint" parent="TEAM_1_HQ" instance=ExtResource("5_k7nlv")]
transform = Transform3D(0.607986, 0, -0.793948, 0, 1, 0, 0.793948, 0, 0.607986, 4.3914, 0.717602, -4.2961)

[node name="SpawnPoint5" parent="TEAM_1_HQ" instance=ExtResource("5_k7nlv")]
transform = Transform3D(-0.707354, 0, -0.70686, 0, 1, 0, 0.70686, 0, -0.707354, 6.97141, 2.4129, 34.1306)

[node name="SpawnPoint6" parent="TEAM_1_HQ" instance=ExtResource("5_k7nlv")]
transform = Transform3D(-0.707354, 0, -0.70686, 0, 1, 0, 0.70686, 0, -0.707354, -5.46831, 2.4129, 37.4394)

[node name="SpawnPoint7" parent="TEAM_1_HQ" instance=ExtResource("5_k7nlv")]
transform = Transform3D(0.817487, 0, 0.575947, 0, 1, 0, -0.575947, 0, 0.817487, -7.0457, 2.2273, -36.2629)

[node name="SpawnPoint8" parent="TEAM_1_HQ" instance=ExtResource("5_k7nlv")]
transform = Transform3D(0.817487, 0, 0.575947, 0, 1, 0, -0.575947, 0, 0.817487, 5.7759, 2.2273, -37.403)

[node name="TEAM_2_HQ" parent="." instance=ExtResource("4_ylamf")]
transform = Transform3D(1, 0, 0, 0, 1, 0, 0, 0, 1, -190.049, 66.584, 15.2937)
Team = 2
AltTeam = 0
ObjId = 2

[node name="SignStoreSouk_01" parent="." instance=ExtResource("6_xyolp")]
transform = Transform3D(0.927321, 0, -0.374267, 0, 1, 0, 0.374267, 0, 0.927321, -82.4743, 64.7219, -21.2517)

[node name="SignStoreSouk_06" parent="." instance=ExtResource("6_xyolp")]
transform = Transform3D(-0.927321, 0, 0.374267, 0, 1, 0, -0.374267, 0, -0.927321, -82.4759, 64.7219, -21.2478)

[node name="StoreFrontSign_05_D" parent="." instance=ExtResource("7_56wof")]
transform = Transform3D(0.927321, 0, -0.374267, 0, 1, 0, 0.374267, 0, 0.927321, -81.2982, 66.8426, -20.1387)

[node name="SpiceBag_01_A" parent="." instance=ExtResource("8_rwepo")]
transform = Transform3D(-0.467127, 0, -0.88419, 0, 1, 0, 0.88419, 0, -0.467127, -80.1828, 64.1825, -22.039)

[node name="SpiceBag_01_A2" parent="." instance=ExtResource("8_rwepo")]
transform = Transform3D(-0.995831, 0, 0.0912239, 0, 1, 0, -0.0912239, 0, -0.995831, -79.4788, 64.1825, -22.3846)

[node name="SpiceBag_01_B" parent="." instance=ExtResource("9_ad1x0")]
transform = Transform3D(-0.467127, 0, -0.88419, 0, 1, 0, 0.88419, 0, -0.467127, -80.4861, 63.9654, -21.6957)

[node name="SpiceBag_02_B" parent="." instance=ExtResource("10_20tcb")]
transform = Transform3D(-0.467127, 0, -0.88419, 0, 1, 0, 0.88419, 0, -0.467127, -79.9421, 64.1414, -22.6094)

[node name="Cart_01" parent="." instance=ExtResource("11_1v8ss")]
transform = Transform3D(0.854074, 0.00266825, -0.520145, -0.00312413, 0.999995, 0, 0.520143, 0.001625, 0.854078, -83.6047, 64.1857, -23.3886)

[node name="WallHangingLamp_01_B" parent="." instance=ExtResource("12_a70nq")]
transform = Transform3D(1, 0, -5.96046e-08, 0, 1, 0, 5.96046e-08, 0, 1, -81.6649, 67.2796, -20.8055)

[node name="BA_NAF_WallHangingLamp_02" parent="." instance=ExtResource("12_a70nq")]
transform = Transform3D(1, 0, -5.96046e-08, 0, 1, 0, 5.96046e-08, 0, 1, -83.3747, 67.2785, -21.6626)

[node name="AmmoChest_Small_01" parent="." instance=ExtResource("13_cgtvl")]
transform = Transform3D(0.461222, 0, -0.887285, 0, 1, 0, 0.887285, 0, 0.461222, -79.0001, 65.2431, -24.6376)

[node name="AmmoChest_Small_02" parent="." instance=ExtResource("13_cgtvl")]
transform = Transform3D(0.275755, 0, -0.961228, 0, 1, 0, 0.961228, 0, 0.275755, -78.8676, 65.2431, -23.6638)

[node name="AmmoChest_Small_03" parent="." instance=ExtResource("13_cgtvl")]
transform = Transform3D(-0.781205, 0, -0.624275, 0, 1, 0, 0.624275, 0, -0.781205, -79.1988, 65.2431, -21.8588)

[node name="VFXTest_InteractPoint" parent="." instance=ExtResource("14_b0pqt")]
transform = Transform3D(1, 0, 0, 0, 1, 0, 0, 0, 1, -6.87636, 93.153, -4.17034)
ObjId = 66

[node name="VendingMachine_01" parent="." instance=ExtResource("15_1iqxx")]
transform = Transform3D(0.999979, 0, -0.00647513, 0, 1, 0, 0.00647513, 0, 0.999979, -81.4691, 64.1621, -24.0541)

[node name="WorldIcon" parent="VendingMachine_01" instance=ExtResource("16_rcgah")]
transform = Transform3D(1, 0, -5.96046e-08, 0, 1, 0, 5.96046e-08, 0, 1, -1.26187e-08, 2.40392, 0.211706)
ObjId = 2
iconTextVisible = true
iconColor = [0.0, 0.776, 0.051]
iconImagePicker = 1
iconImageVisible = true

[node name="InteractPoint_Shop" parent="VendingMachine_01" instance=ExtResource("14_b0pqt")]
transform = Transform3D(1, 0, 0, 0, 1, 0, 0, 0, 1, -0.00297394, 1.79519, 0.607649)
ObjId = 1

[node name="VendingMachine_02" parent="." instance=ExtResource("15_1iqxx")]
transform = Transform3D(0.999979, 0, -0.00647513, 0, 1, 0, 0.00647513, 0, 0.999979, -82.3981, 64.1621, -24.0613)

[node name="VendingMachine_03" parent="." instance=ExtResource("15_1iqxx")]
transform = Transform3D(0.999979, 0, -0.00647513, 0, 1, 0, 0.00647513, 0, 0.999979, -80.5452, 64.1621, -24.0518)

[node name="BarrierStoneBlock_01_A" parent="." instance=ExtResource("17_c6u7u")]
transform = Transform3D(0.999999, 0.00201967, -0.000676445, -0.00201866, 0.999999, 0.00149269, 0.000679456, -0.00149132, 1, -64.977, 85.6123, -30.8611)

[node name="BarrierStoneBlock_01_C" parent="." instance=ExtResource("18_p5dj0")]
transform = Transform3D(0.999999, 0.00201967, -0.000676445, -0.00201866, 0.999999, 0.00149269, 0.000679456, -0.00149132, 1, -65.0256, 82.0605, -30.8744)

[node name="BarrierStoneBlock_01_A2" parent="." instance=ExtResource("17_c6u7u")]
transform = Transform3D(0.999999, 0.00201967, -0.000676445, -0.00201866, 0.999999, 0.00149269, 0.000679456, -0.00149132, 1, -56.4982, 85.5952, -30.8554)

[node name="BarrierStoneBlock_01_C2" parent="." instance=ExtResource("18_p5dj0")]
transform = Transform3D(0.999999, 0.00201967, -0.000676445, -0.00201866, 0.999999, 0.00149269, 0.000679456, -0.00149132, 1, -56.5469, 82.0434, -30.8687)

[node name="BarrierStoneBlock_01_A3" parent="." instance=ExtResource("17_c6u7u")]
transform = Transform3D(0.999999, 0.00201967, -0.000676445, -0.00201866, 0.999999, 0.00149269, 0.000679456, -0.00149132, 1, -64.9927, 85.647, -7.62925)

[node name="BarrierStoneBlock_01_C3" parent="." instance=ExtResource("18_p5dj0")]
transform = Transform3D(0.999999, 0.00201967, -0.000676445, -0.00201866, 0.999999, 0.00149269, 0.000679456, -0.00149132, 1, -65.0413, 82.0951, -7.64261)

[node name="BarrierStoneBlock_01_A4" parent="." instance=ExtResource("17_c6u7u")]
transform = Transform3D(0.999999, 0.00201967, -0.000676445, -0.00201866, 0.999999, 0.00149269, 0.000679456, -0.00149132, 1, -56.5139, 85.6299, -7.62346)

[node name="BarrierStoneBlock_01_C4" parent="." instance=ExtResource("18_p5dj0")]
transform = Transform3D(0.999999, 0.00201967, -0.000676445, -0.00201866, 0.999999, 0.00149269, 0.000679456, -0.00149132, 1, -56.5626, 82.078, -7.63688)

[node name="BarrierStoneBlock_01_A5" parent="." instance=ExtResource("17_c6u7u")]
transform = Transform3D(0.999999, 0.00201967, -0.000676445, -0.00201866, 0.999999, 0.00149269, 0.000679456, -0.00149132, 1, -64.9863, 85.6329, -17.0287)

[node name="BarrierStoneBlock_01_C5" parent="." instance=ExtResource("18_p5dj0")]
transform = Transform3D(0.999999, 0.00201967, -0.000676445, -0.00201866, 0.999999, 0.00149269, 0.000679456, -0.00149132, 1, -65.0349, 82.0811, -17.0421)

[node name="BarrierStoneBlock_01_A6" parent="." instance=ExtResource("17_c6u7u")]
transform = Transform3D(0.999999, 0.00201967, -0.000676445, -0.00201866, 0.999999, 0.00149269, 0.000679456, -0.00149132, 1, -56.5076, 85.6158, -17.0229)

[node name="BarrierStoneBlock_01_C6" parent="." instance=ExtResource("18_p5dj0")]
transform = Transform3D(0.999999, 0.00201967, -0.000676445, -0.00201866, 0.999999, 0.00149269, 0.000679456, -0.00149132, 1, -56.5562, 82.064, -17.0363)

[node name="BarrierStoneBlock_01_A7" parent="." instance=ExtResource("17_c6u7u")]
transform = Transform3D(0.999999, 0.00201967, -0.000676445, -0.00201866, 0.999999, 0.00149269, 0.000679456, -0.00149132, 1, -64.9829, 85.6254, -22.0999)

[node name="BarrierStoneBlock_01_C7" parent="." instance=ExtResource("18_p5dj0")]
transform = Transform3D(0.999999, 0.00201967, -0.000676445, -0.00201866, 0.999999, 0.00149269, 0.000679456, -0.00149132, 1, -65.0315, 82.0735, -22.1134)

[node name="BarrierStoneBlock_01_C9" parent="." instance=ExtResource("18_p5dj0")]
transform = Transform3D(0.999999, -0.000676445, -0.00201967, -0.00201866, 0.00149264, -0.999999, 0.000679456, 1, 0.00149128, -65.0227, 86.6998, -21.2503)

[node name="BarrierStoneBlock_01_C12" parent="." instance=ExtResource("18_p5dj0")]
transform = Transform3D(0.999999, -0.000676445, -0.00201967, -0.00201866, 0.00149264, -0.999999, 0.000679456, 1, 0.00149128, -63.7077, 86.6972, -21.2494)

[node name="BarrierStoneBlock_01_C10" parent="." instance=ExtResource("18_p5dj0")]
transform = Transform3D(0.999999, -0.000676445, -0.00201967, -0.00201866, 0.00149264, -0.999999, 0.000679456, 1, 0.00149128, -56.4703, 86.6826, -21.2444)

[node name="BarrierStoneBlock_01_C11" parent="." instance=ExtResource("18_p5dj0")]
transform = Transform3D(0.999999, -0.000676445, -0.00201967, -0.00201866, 0.00149264, -0.999999, 0.000679456, 1, 0.00149128, -57.7371, 86.6851, -21.2453)

[node name="BarrierStoneBlock_01_A8" parent="." instance=ExtResource("17_c6u7u")]
transform = Transform3D(0.999999, 0.00201967, -0.000676445, -0.00201866, 0.999999, 0.00149269, 0.000679456, -0.00149132, 1, -56.5041, 85.6083, -22.0942)

[node name="BarrierStoneBlock_01_C8" parent="." instance=ExtResource("18_p5dj0")]
transform = Transform3D(0.999999, 0.00201967, -0.000676445, -0.00201866, 0.999999, 0.00149269, 0.000679456, -0.00149132, 1, -56.5528, 82.0564, -22.1076)

[node name="BarrierStoneBlock_01_C19" parent="." instance=ExtResource("18_p5dj0")]
transform = Transform3D(0.249999, 0.000504917, -0.000169127, -0.000504663, 0.249999, 0.000373171, 0.00016988, -0.00037283, 0.249999, -56.5512, 81.9381, -24.8579)

[node name="BarrierStoneBlock_01_C20" parent="." instance=ExtResource("18_p5dj0")]
transform = Transform3D(0.249999, 0.000504917, -0.000169127, -0.000504663, 0.249999, 0.000373171, 0.00016988, -0.00037283, 0.249999, -56.5494, 82.8293, -24.8593)

[node name="BarrierStoneBlock_01_C21" parent="." instance=ExtResource("18_p5dj0")]
transform = Transform3D(0.249999, 0.000504917, -0.000169127, -0.000504663, 0.249999, 0.000373171, 0.00016988, -0.00037283, 0.249999, -56.5476, 83.7093, -24.8606)

[node name="BarrierStoneBlock_01_C22" parent="." instance=ExtResource("18_p5dj0")]
transform = Transform3D(0.249999, 0.000504917, -0.000169127, -0.000504663, 0.249999, 0.000373171, 0.00016988, -0.00037283, 0.249999, -56.5458, 84.6004, -24.8619)

[node name="BarrierStoneBlock_01_C23" parent="." instance=ExtResource("18_p5dj0")]
transform = Transform3D(0.249999, 0.000504917, -0.000169127, -0.000504663, 0.249999, 0.000373171, 0.00016988, -0.00037283, 0.249999, -56.5441, 85.4453, -24.8632)

[node name="BarrierStoneBlock_01_C24" parent="." instance=ExtResource("18_p5dj0")]
transform = Transform3D(0.249999, 0.000504917, -0.000169127, -0.000504663, 0.249999, 0.000373171, 0.00016988, -0.00037283, 0.249999, -56.5517, 81.9393, -24.0583)

[node name="BarrierStoneBlock_01_C25" parent="." instance=ExtResource("18_p5dj0")]
transform = Transform3D(0.249999, 0.000504917, -0.000169127, -0.000504663, 0.249999, 0.000373171, 0.00016988, -0.00037283, 0.249999, -56.5499, 82.8305, -24.0597)

[node name="BarrierStoneBlock_01_C26" parent="." instance=ExtResource("18_p5dj0")]
transform = Transform3D(0.249999, 0.000504917, -0.000169127, -0.000504663, 0.249999, 0.000373171, 0.00016988, -0.00037283, 0.249999, -56.5481, 83.7105, -24.061)

[node name="BarrierStoneBlock_01_C27" parent="." instance=ExtResource("18_p5dj0")]
transform = Transform3D(0.249999, 0.000504917, -0.000169127, -0.000504663, 0.249999, 0.000373171, 0.00016988, -0.00037283, 0.249999, -56.5463, 84.6016, -24.0623)

[node name="BarrierStoneBlock_01_C28" parent="." instance=ExtResource("18_p5dj0")]
transform = Transform3D(0.249999, 0.000504917, -0.000169127, -0.000504663, 0.249999, 0.000373171, 0.00016988, -0.00037283, 0.249999, -56.5446, 85.4465, -24.0636)

[node name="BarrierStoneBlock_01_C29" parent="." instance=ExtResource("18_p5dj0")]
transform = Transform3D(0.249999, 0.000504917, -0.000169127, -0.000504663, 0.249999, 0.000373171, 0.00016988, -0.00037283, 0.249999, -56.5501, 81.9357, -26.4445)

[node name="BarrierStoneBlock_01_C30" parent="." instance=ExtResource("18_p5dj0")]
transform = Transform3D(0.249999, 0.000504917, -0.000169127, -0.000504663, 0.249999, 0.000373171, 0.00016988, -0.00037283, 0.249999, -56.5483, 82.8269, -26.4459)

[node name="BarrierStoneBlock_01_C31" parent="." instance=ExtResource("18_p5dj0")]
transform = Transform3D(0.249999, 0.000504917, -0.000169127, -0.000504663, 0.249999, 0.000373171, 0.00016988, -0.00037283, 0.249999, -56.5465, 83.7069, -26.4472)

[node name="BarrierStoneBlock_01_C32" parent="." instance=ExtResource("18_p5dj0")]
transform = Transform3D(0.249999, 0.000504917, -0.000169127, -0.000504663, 0.249999, 0.000373171, 0.00016988, -0.00037283, 0.249999, -56.5447, 84.598, -26.4485)

[node name="BarrierStoneBlock_01_C33" parent="." instance=ExtResource("18_p5dj0")]
transform = Transform3D(0.249999, 0.000504917, -0.000169127, -0.000504663, 0.249999, 0.000373171, 0.00016988, -0.00037283, 0.249999, -56.543, 85.4429, -26.4498)

[node name="BarrierStoneBlock_01_C34" parent="." instance=ExtResource("18_p5dj0")]
transform = Transform3D(0.249999, 0.000504917, -0.000169127, -0.000504663, 0.249999, 0.000373171, 0.00016988, -0.00037283, 0.249999, -56.5506, 81.9369, -25.6449)

[node name="BarrierStoneBlock_01_C35" parent="." instance=ExtResource("18_p5dj0")]
transform = Transform3D(0.249999, 0.000504917, -0.000169127, -0.000504663, 0.249999, 0.000373171, 0.00016988, -0.00037283, 0.249999, -56.5488, 82.8281, -25.6463)

[node name="BarrierStoneBlock_01_C36" parent="." instance=ExtResource("18_p5dj0")]
transform = Transform3D(0.249999, 0.000504917, -0.000169127, -0.000504663, 0.249999, 0.000373171, 0.00016988, -0.00037283, 0.249999, -56.5471, 83.7081, -25.6476)

[node name="BarrierStoneBlock_01_C37" parent="." instance=ExtResource("18_p5dj0")]
transform = Transform3D(0.249999, 0.000504917, -0.000169127, -0.000504663, 0.249999, 0.000373171, 0.00016988, -0.00037283, 0.249999, -56.5453, 84.5992, -25.6489)

[node name="BarrierStoneBlock_01_C38" parent="." instance=ExtResource("18_p5dj0")]
transform = Transform3D(0.249999, 0.000504917, -0.000169127, -0.000504663, 0.249999, 0.000373171, 0.00016988, -0.00037283, 0.249999, -56.5436, 85.4441, -25.6502)

[node name="BarrierStoneBlock_01_C39" parent="." instance=ExtResource("18_p5dj0")]
transform = Transform3D(0.249999, 0.000504917, -0.000169127, -0.000504663, 0.249999, 0.000373171, 0.00016988, -0.00037283, 0.249999, -56.549, 81.9334, -28.0319)

[node name="BarrierStoneBlock_01_C40" parent="." instance=ExtResource("18_p5dj0")]
transform = Transform3D(0.249999, 0.000504917, -0.000169127, -0.000504663, 0.249999, 0.000373171, 0.00016988, -0.00037283, 0.249999, -56.5472, 82.8246, -28.0333)

[node name="BarrierStoneBlock_01_C41" parent="." instance=ExtResource("18_p5dj0")]
transform = Transform3D(0.249999, 0.000504917, -0.000169127, -0.000504663, 0.249999, 0.000373171, 0.00016988, -0.00037283, 0.249999, -56.5454, 83.7046, -28.0346)

[node name="BarrierStoneBlock_01_C42" parent="." instance=ExtResource("18_p5dj0")]
transform = Transform3D(0.249999, 0.000504917, -0.000169127, -0.000504663, 0.249999, 0.000373171, 0.00016988, -0.00037283, 0.249999, -56.5436, 84.5957, -28.0359)

[node name="BarrierStoneBlock_01_C43" parent="." instance=ExtResource("18_p5dj0")]
transform = Transform3D(0.249999, 0.000504917, -0.000169127, -0.000504663, 0.249999, 0.000373171, 0.00016988, -0.00037283, 0.249999, -56.5419, 85.4406, -28.0372)

[node name="BarrierStoneBlock_01_C44" parent="." instance=ExtResource("18_p5dj0")]
transform = Transform3D(0.249999, 0.000504917, -0.000169127, -0.000504663, 0.249999, 0.000373171, 0.00016988, -0.00037283, 0.249999, -56.5496, 81.9346, -27.2323)

[node name="BarrierStoneBlock_01_C45" parent="." instance=ExtResource("18_p5dj0")]
transform = Transform3D(0.249999, 0.000504917, -0.000169127, -0.000504663, 0.249999, 0.000373171, 0.00016988, -0.00037283, 0.249999, -56.5478, 82.8258, -27.2336)

[node name="BarrierStoneBlock_01_C46" parent="." instance=ExtResource("18_p5dj0")]
transform = Transform3D(0.249999, 0.000504917, -0.000169127, -0.000504663, 0.249999, 0.000373171, 0.00016988, -0.00037283, 0.249999, -56.546, 83.7058, -27.235)

[node name="BarrierStoneBlock_01_C47" parent="." instance=ExtResource("18_p5dj0")]
transform = Transform3D(0.249999, 0.000504917, -0.000169127, -0.000504663, 0.249999, 0.000373171, 0.00016988, -0.00037283, 0.249999, -56.5442, 84.5969, -27.2363)

[node name="BarrierStoneBlock_01_C48" parent="." instance=ExtResource("18_p5dj0")]
transform = Transform3D(0.249999, 0.000504917, -0.000169127, -0.000504663, 0.249999, 0.000373171, 0.00016988, -0.00037283, 0.249999, -56.5425, 85.4418, -27.2376)

[node name="BarrierStoneBlock_01_C49" parent="." instance=ExtResource("18_p5dj0")]
transform = Transform3D(0.249999, 0.000504917, -0.000169127, -0.000504663, 0.249999, 0.000373171, 0.00016988, -0.00037283, 0.249999, -56.5479, 81.931, -29.6185)

[node name="BarrierStoneBlock_01_C50" parent="." instance=ExtResource("18_p5dj0")]
transform = Transform3D(0.249999, 0.000504917, -0.000169127, -0.000504663, 0.249999, 0.000373171, 0.00016988, -0.00037283, 0.249999, -56.5461, 82.8222, -29.6198)

[node name="BarrierStoneBlock_01_C51" parent="." instance=ExtResource("18_p5dj0")]
transform = Transform3D(0.249999, 0.000504917, -0.000169127, -0.000504663, 0.249999, 0.000373171, 0.00016988, -0.00037283, 0.249999, -56.5444, 83.7022, -29.6212)

[node name="BarrierStoneBlock_01_C52" parent="." instance=ExtResource("18_p5dj0")]
transform = Transform3D(0.249999, 0.000504917, -0.000169127, -0.000504663, 0.249999, 0.000373171, 0.00016988, -0.00037283, 0.249999, -56.5426, 84.5933, -29.6225)

[node name="BarrierStoneBlock_01_C53" parent="." instance=ExtResource("18_p5dj0")]
transform = Transform3D(0.249999, 0.000504917, -0.000169127, -0.000504663, 0.249999, 0.000373171, 0.00016988, -0.00037283, 0.249999, -56.5409, 85.4382, -29.6237)

[node name="BarrierStoneBlock_01_C54" parent="." instance=ExtResource("18_p5dj0")]
transform = Transform3D(0.249999, 0.000504917, -0.000169127, -0.000504663, 0.249999, 0.000373171, 0.00016988, -0.00037283, 0.249999, -56.5485, 81.9322, -28.8189)

[node name="BarrierStoneBlock_01_C55" parent="." instance=ExtResource("18_p5dj0")]
transform = Transform3D(0.249999, 0.000504917, -0.000169127, -0.000504663, 0.249999, 0.000373171, 0.00016988, -0.00037283, 0.249999, -56.5467, 82.8234, -28.8202)

[node name="BarrierStoneBlock_01_C56" parent="." instance=ExtResource("18_p5dj0")]
transform = Transform3D(0.249999, 0.000504917, -0.000169127, -0.000504663, 0.249999, 0.000373171, 0.00016988, -0.00037283, 0.249999, -56.5449, 83.7034, -28.8216)

[node name="BarrierStoneBlock_01_C57" parent="." instance=ExtResource("18_p5dj0")]
transform = Transform3D(0.249999, 0.000504917, -0.000169127, -0.000504663, 0.249999, 0.000373171, 0.00016988, -0.00037283, 0.249999, -56.5431, 84.5945, -28.8229)

[node name="BarrierStoneBlock_01_C58" parent="." instance=ExtResource("18_p5dj0")]
transform = Transform3D(0.249999, 0.000504917, -0.000169127, -0.000504663, 0.249999, 0.000373171, 0.00016988, -0.00037283, 0.249999, -56.5414, 85.4394, -28.8241)

[node name="BarrierStoneBlock_01_C59" parent="." instance=ExtResource("18_p5dj0")]
transform = Transform3D(0.249999, 0.000504917, -0.000169127, -0.000504663, 0.249999, 0.000373171, 0.00016988, -0.00037283, 0.249999, -56.5553, 81.9472, -18.7895)

[node name="BarrierStoneBlock_01_C60" parent="." instance=ExtResource("18_p5dj0")]
transform = Transform3D(0.249999, 0.000504917, -0.000169127, -0.000504663, 0.249999, 0.000373171, 0.00016988, -0.00037283, 0.249999, -56.5535, 82.8384, -18.7908)

[node name="BarrierStoneBlock_01_C61" parent="." instance=ExtResource("18_p5dj0")]
transform = Transform3D(0.249999, 0.000504917, -0.000169127, -0.000504663, 0.249999, 0.000373171, 0.00016988, -0.00037283, 0.249999, -56.5517, 83.7184, -18.7921)

[node name="BarrierStoneBlock_01_C62" parent="." instance=ExtResource("18_p5dj0")]
transform = Transform3D(0.249999, 0.000504917, -0.000169127, -0.000504663, 0.249999, 0.000373171, 0.00016988, -0.00037283, 0.249999, -56.5499, 84.6095, -18.7934)

[node name="BarrierStoneBlock_01_C63" parent="." instance=ExtResource("18_p5dj0")]
transform = Transform3D(0.249999, 0.000504917, -0.000169127, -0.000504663, 0.249999, 0.000373171, 0.00016988, -0.00037283, 0.249999, -56.5482, 85.4544, -18.7947)

[node name="BarrierStoneBlock_01_C64" parent="." instance=ExtResource("18_p5dj0")]
transform = Transform3D(0.249999, 0.000504917, -0.000169127, -0.000504663, 0.249999, 0.000373171, 0.00016988, -0.00037283, 0.249999, -56.5558, 81.9484, -17.9898)

[node name="BarrierStoneBlock_01_C65" parent="." instance=ExtResource("18_p5dj0")]
transform = Transform3D(0.249999, 0.000504917, -0.000169127, -0.000504663, 0.249999, 0.000373171, 0.00016988, -0.00037283, 0.249999, -56.554, 82.8396, -17.9912)

[node name="BarrierStoneBlock_01_C66" parent="." instance=ExtResource("18_p5dj0")]
transform = Transform3D(0.249999, 0.000504917, -0.000169127, -0.000504663, 0.249999, 0.000373171, 0.00016988, -0.00037283, 0.249999, -56.5522, 83.7196, -17.9925)

[node name="BarrierStoneBlock_01_C67" parent="." instance=ExtResource("18_p5dj0")]
transform = Transform3D(0.249999, 0.000504917, -0.000169127, -0.000504663, 0.249999, 0.000373171, 0.00016988, -0.00037283, 0.249999, -56.5504, 84.6107, -17.9938)

[node name="BarrierStoneBlock_01_C68" parent="." instance=ExtResource("18_p5dj0")]
transform = Transform3D(0.249999, 0.000504917, -0.000169127, -0.000504663, 0.249999, 0.000373171, 0.00016988, -0.00037283, 0.249999, -56.5487, 85.4556, -17.9951)

[node name="BarrierStoneBlock_01_C69" parent="." instance=ExtResource("18_p5dj0")]
transform = Transform3D(0.249999, 0.000504917, -0.000169127, -0.000504663, 0.249999, 0.000373171, 0.00016988, -0.00037283, 0.249999, -56.5542, 81.9448, -20.376)

[node name="BarrierStoneBlock_01_C70" parent="." instance=ExtResource("18_p5dj0")]
transform = Transform3D(0.249999, 0.000504917, -0.000169127, -0.000504663, 0.249999, 0.000373171, 0.00016988, -0.00037283, 0.249999, -56.5524, 82.836, -20.3774)

[node name="BarrierStoneBlock_01_C71" parent="." instance=ExtResource("18_p5dj0")]
transform = Transform3D(0.249999, 0.000504917, -0.000169127, -0.000504663, 0.249999, 0.000373171, 0.00016988, -0.00037283, 0.249999, -56.5506, 83.716, -20.3787)

[node name="BarrierStoneBlock_01_C72" parent="." instance=ExtResource("18_p5dj0")]
transform = Transform3D(0.249999, 0.000504917, -0.000169127, -0.000504663, 0.249999, 0.000373171, 0.00016988, -0.00037283, 0.249999, -56.5488, 84.6071, -20.38)

[node name="BarrierStoneBlock_01_C73" parent="." instance=ExtResource("18_p5dj0")]
transform = Transform3D(0.249999, 0.000504917, -0.000169127, -0.000504663, 0.249999, 0.000373171, 0.00016988, -0.00037283, 0.249999, -56.5471, 85.452, -20.3813)

[node name="BarrierStoneBlock_01_C74" parent="." instance=ExtResource("18_p5dj0")]
transform = Transform3D(0.249999, 0.000504917, -0.000169127, -0.000504663, 0.249999, 0.000373171, 0.00016988, -0.00037283, 0.249999, -56.5547, 81.946, -19.5764)

[node name="BarrierStoneBlock_01_C75" parent="." instance=ExtResource("18_p5dj0")]
transform = Transform3D(0.249999, 0.000504917, -0.000169127, -0.000504663, 0.249999, 0.000373171, 0.00016988, -0.00037283, 0.249999, -56.5529, 82.8372, -19.5777)

[node name="BarrierStoneBlock_01_C76" parent="." instance=ExtResource("18_p5dj0")]
transform = Transform3D(0.249999, 0.000504917, -0.000169127, -0.000504663, 0.249999, 0.000373171, 0.00016988, -0.00037283, 0.249999, -56.5512, 83.7172, -19.5791)

[node name="BarrierStoneBlock_01_C77" parent="." instance=ExtResource("18_p5dj0")]
transform = Transform3D(0.249999, 0.000504917, -0.000169127, -0.000504663, 0.249999, 0.000373171, 0.00016988, -0.00037283, 0.249999, -56.5494, 84.6083, -19.5804)

