[gd_scene load_steps=20 format=3 uid="uid://dheqn3eharn1a"]

[ext_resource type="PackedScene" path="res://objects/gameplay/ai/AI_Spawner.tscn" id="1_5qxgp"]
[ext_resource type="PackedScene" path="res://objects/gameplay/common/HQ_PlayerSpawner.tscn" id="2_bb7l4"]
[ext_resource type="PackedScene" path="res://objects/entities/SpawnPoint.tscn" id="3_2k7o3"]
[ext_resource type="PackedScene" path="res://objects/props/AmmoChest_Small_01.tscn" id="4_ocudd"]
[ext_resource type="PackedScene" path="res://objects/gameplay/common/InteractPoint.tscn" id="5_j0cnm"]
[ext_resource type="PackedScene" path="res://objects/props/CashRegister_02.tscn" id="6_0nnmh"]
[ext_resource type="PackedScene" path="res://objects/gameplay/common/WorldIcon.tscn" id="7_pf6gf"]
[ext_resource type="PackedScene" path="res://objects/props/BarrierStoneBlock_01_A.tscn" id="8_nu3li"]
[ext_resource type="PackedScene" path="res://objects/props/BarrierStoneBlock_01_C.tscn" id="9_tv033"]
[ext_resource type="PackedScene" path="res://objects/props/BarrierStoneBlock_01_H.tscn" id="10_6id4c"]
[ext_resource type="PackedScene" path="res://objects/props/BarrierStoneBlock_01_G.tscn" id="11_lo7md"]
[ext_resource type="PackedScene" path="res://objects/gameplay/common/PlayerSpawner.tscn" id="12_bdco3"]
[ext_resource type="PackedScene" path="res://objects/gameplay/common/CombatArea.tscn" id="13_6vve0"]
[ext_resource type="PackedScene" path="res://objects/fx/FX_Granite_Strike_Smoke_Marker_Violet.tscn" id="15_qai3u"]
[ext_resource type="PackedScene" path="res://objects/uncategorized/OB_PRJ_Missile_AIM9X.tscn" id="16_ijqdg"]
[ext_resource type="PackedScene" path="res://static/MP_Aftermath_Terrain.tscn" id="17_vqbqk"]
[ext_resource type="PackedScene" path="res://static/MP_Aftermath_Assets.tscn" id="18_r1dla"]
[ext_resource type="PackedScene" path="res://objects/gameplay/common/DeployCam.tscn" id="19_l5p5h"]
[ext_resource type="PackedScene" path="res://addons/bf_portal/portal_tools/types/PolygonVolume/PolygonVolume.tscn" id="2_cjtf1"]

[node name="MP_Aftermath" type="Node3D"]

[node name="ModBuilder_GruntSpawner 1" parent="." instance=ExtResource("1_5qxgp")]
transform = Transform3D(0.984807, 0, -0.173648, 0, 1, 0, 0.173648, 0, 0.984807, -595.966, 54.3934, -59.9355)
ObjId = 1

[node name="ModBuilder_GruntSpawner 2" parent="ModBuilder_GruntSpawner 1" instance=ExtResource("1_5qxgp")]
transform = Transform3D(0.984808, 0, -0.173648, 0, 1, 0, 0.173648, 0, 0.984808, 30.7803, 1.12767, -6.94002)
ObjId = 2

[node name="ModBuilder_GruntSpawner3" parent="ModBuilder_GruntSpawner 1" instance=ExtResource("1_5qxgp")]
transform = Transform3D(0.939693, 0, -0.342021, 0, 1, 0, 0.342021, 0, 0.939693, 63.1398, -0.287876, -31.1524)
ObjId = 3

[node name="ModBuilder_GruntSpawner4" parent="ModBuilder_GruntSpawner 1" instance=ExtResource("1_5qxgp")]
transform = Transform3D(0.866027, 0, -0.500001, 0, 1, 0, 0.500001, 0, 0.866027, 50.2402, -0.00909042, -8.99168)
ObjId = 4

[node name="ModBuilder_GruntSpawner5" parent="ModBuilder_GruntSpawner 1" instance=ExtResource("1_5qxgp")]
transform = Transform3D(0.999749, 0, 0.0224079, 0, 1, 0, -0.0224079, 0, 0.999749, 68.2686, 4.32084, -8.13802)
ObjId = 5

[node name="ModBuilder_GruntSpawner6" parent="ModBuilder_GruntSpawner 1" instance=ExtResource("1_5qxgp")]
transform = Transform3D(0.642788, 0, -0.766045, 0, 1, 0, 0.766045, 0, 0.642788, 92.4954, 5.57984, 41.7677)
ObjId = 6

[node name="ModBuilder_GruntSpawner7" parent="ModBuilder_GruntSpawner 1" instance=ExtResource("1_5qxgp")]
transform = Transform3D(-0.984308, 0, -0.176467, 0, 1, 0, 0.176467, 0, -0.984308, 83.791, 5.56522, 48.3625)
ObjId = 7

[node name="ModBuilder_GruntSpawner8" parent="ModBuilder_GruntSpawner 1" instance=ExtResource("1_5qxgp")]
transform = Transform3D(0.34202, 0, -0.939693, 0, 1, 0, 0.939693, 0, 0.34202, 69.1252, 4.69819, 54.5951)
ObjId = 8

[node name="ModBuilder_GruntSpawner9" parent="ModBuilder_GruntSpawner 1" instance=ExtResource("1_5qxgp")]
transform = Transform3D(0.173648, 0, -0.984809, 0, 1, 0, 0.984809, 0, 0.173648, 52.8828, 7.57438, 86.1137)
ObjId = 9

[node name="ModBuilder_GruntSpawner10" parent="ModBuilder_GruntSpawner 1" instance=ExtResource("1_5qxgp")]
transform = Transform3D(0, 0, -1, 0, 1, 0, 1, 0, 0, 47.3497, 7.69943, 95.2848)
ObjId = 10

[node name="ModBuilder_GruntSpawner11" parent="ModBuilder_GruntSpawner 1" instance=ExtResource("1_5qxgp")]
transform = Transform3D(-0.173648, 0, -0.984808, 0, 1, 0, 0.984808, 0, -0.173648, 50.1202, 6.92073, 108.731)
ObjId = 11

[node name="ModBuilder_GruntSpawner12" parent="ModBuilder_GruntSpawner 1" instance=ExtResource("1_5qxgp")]
transform = Transform3D(-0.342021, 0, -0.939693, 0, 1, 0, 0.939693, 0, -0.342021, 22.5095, 8.92787, 167.819)
ObjId = 12

[node name="ModBuilder_GruntSpawner13" parent="ModBuilder_GruntSpawner 1" instance=ExtResource("1_5qxgp")]
transform = Transform3D(-0.986675, 0, -0.162706, 0, 1, 0, 0.162706, 0, -0.986675, 17.9993, 10.8285, 160.588)
ObjId = 13

[node name="ModBuilder_GruntSpawner14" parent="ModBuilder_GruntSpawner 1" instance=ExtResource("1_5qxgp")]
transform = Transform3D(-0.642788, 0, -0.766044, 0, 1, 0, 0.766044, 0, -0.642788, 21.8926, 11.1042, 156.392)
ObjId = 14

[node name="ModBuilder_GruntSpawner15" parent="ModBuilder_GruntSpawner 1" instance=ExtResource("1_5qxgp")]
transform = Transform3D(0.225411, 0, -0.974265, 0, 1, 0, 0.974265, 0, 0.225411, -2.89313, 0.581707, 180.539)
ObjId = 15

[node name="ModBuilder_GruntSpawner16" parent="ModBuilder_GruntSpawner 1" instance=ExtResource("1_5qxgp")]
transform = Transform3D(-0.0387892, 0, -0.999248, 0, 1, 0, 0.999248, 0, -0.0387892, -8.62213, -0.978947, 180.202)
ObjId = 16

[node name="ModBuilder_GruntSpawner17" parent="ModBuilder_GruntSpawner 1" instance=ExtResource("1_5qxgp")]
transform = Transform3D(-0.939693, 0, -0.34202, 0, 1, 0, 0.34202, 0, -0.939693, -44.7256, -0.617184, 200.257)
ObjId = 17

[node name="ModBuilder_GruntSpawner18" parent="ModBuilder_GruntSpawner 1" instance=ExtResource("1_5qxgp")]
transform = Transform3D(-0.984809, 0, -0.173648, 0, 1, 0, 0.173648, 0, -0.984809, -17.2115, -1.11327, 179.7)
ObjId = 18

[node name="ModBuilder_GruntSpawner19" parent="ModBuilder_GruntSpawner 1" instance=ExtResource("1_5qxgp")]
transform = Transform3D(-1, 0, 0, 0, 1, 0, 0, 0, -1, -14.2479, -0.908035, 173.09)
ObjId = 19

[node name="ModBuilder_GruntSpawner20" parent="ModBuilder_GruntSpawner 1" instance=ExtResource("1_5qxgp")]
transform = Transform3D(-0.984808, 0, 0.173648, 0, 1, 0, -0.173648, 0, -0.984808, -42.8449, 0.154694, 213.956)
ObjId = 20

[node name="ModBuilder_GruntSpawner21" parent="ModBuilder_GruntSpawner 1" instance=ExtResource("1_5qxgp")]
transform = Transform3D(-0.939693, 0, 0.342021, 0, 1, 0, -0.342021, 0, -0.939693, -47.7247, -0.478912, 207.602)
ObjId = 21

[node name="ModBuilder_GruntSpawner22" parent="ModBuilder_GruntSpawner 1" instance=ExtResource("1_5qxgp")]
transform = Transform3D(-0.866026, 0, 0.5, 0, 1, 0, -0.5, 0, -0.866026, -47.8739, -0.669235, 200.646)
ObjId = 22

[node name="ModBuilder_GruntSpawner23" parent="ModBuilder_GruntSpawner 1" instance=ExtResource("1_5qxgp")]
transform = Transform3D(-0.766044, 0, 0.642788, 0, 1, 0, -0.642788, 0, -0.766044, -45.1795, -0.314236, 213.693)
ObjId = 23

[node name="ModBuilder_GruntSpawner24" parent="ModBuilder_GruntSpawner 1" instance=ExtResource("1_5qxgp")]
transform = Transform3D(-0.642788, 0, 0.766045, 0, 1, 0, -0.766045, 0, -0.642788, -55.8656, 0.825901, 184.666)
ObjId = 24

[node name="ModBuilder_GruntSpawner25" parent="ModBuilder_GruntSpawner 1" instance=ExtResource("1_5qxgp")]
transform = Transform3D(-0.5, 0, 0.866026, 0, 1, 0, -0.866026, 0, -0.5, -67.7034, -0.437458, 162.356)
ObjId = 25

[node name="ModBuilder_GruntSpawner26" parent="ModBuilder_GruntSpawner 1" instance=ExtResource("1_5qxgp")]
transform = Transform3D(-0.77436, 0, 0.632747, 0, 1, 0, -0.632747, 0, -0.77436, -72.5764, -0.234413, 137.765)
ObjId = 26

[node name="ModBuilder_GruntSpawner27" parent="ModBuilder_GruntSpawner 1" instance=ExtResource("1_5qxgp")]
transform = Transform3D(-0.173648, 0, 0.984809, 0, 1, 0, -0.984809, 0, -0.173648, -82.8691, -1.52256, 100.034)
ObjId = 27

[node name="ModBuilder_GruntSpawner28" parent="ModBuilder_GruntSpawner 1" instance=ExtResource("1_5qxgp")]
transform = Transform3D(0, 0, 1, 0, 1, 0, -1, 0, 0, -88.1463, -1.2073, 76.4529)
ObjId = 28

[node name="ModBuilder_GruntSpawner29" parent="ModBuilder_GruntSpawner 1" instance=ExtResource("1_5qxgp")]
transform = Transform3D(0.173648, 0, 0.984808, 0, 1, 0, -0.984808, 0, 0.173648, -90.7678, -0.894287, 59.4761)
ObjId = 29

[node name="ModBuilder_GruntSpawner30" parent="ModBuilder_GruntSpawner 1" instance=ExtResource("1_5qxgp")]
transform = Transform3D(0.342021, 0, 0.939693, 0, 1, 0, -0.939693, 0, 0.342021, -93.6539, -1.23571, 46.5316)
ObjId = 30

[node name="ModBuilder_GruntSpawner31" parent="ModBuilder_GruntSpawner 1" instance=ExtResource("1_5qxgp")]
transform = Transform3D(0.5, 0, 0.866026, 0, 1, 0, -0.866026, 0, 0.5, -91.7891, -0.164124, 20.2671)
ObjId = 31

[node name="ModBuilder_GruntSpawner32" parent="ModBuilder_GruntSpawner 1" instance=ExtResource("1_5qxgp")]
transform = Transform3D(0.642788, 0, 0.766045, 0, 1, 0, -0.766045, 0, 0.642788, -82.5187, -0.761307, -13.9651)
ObjId = 32

[node name="ModBuilder_GruntSpawner33" parent="ModBuilder_GruntSpawner 1" instance=ExtResource("1_5qxgp")]
transform = Transform3D(0.766045, 0, 0.642788, 0, 1, 0, -0.642788, 0, 0.766045, -96.9288, -0.27113, -62.3275)
ObjId = 33

[node name="ModBuilder_GruntSpawner34" parent="ModBuilder_GruntSpawner 1" instance=ExtResource("1_5qxgp")]
transform = Transform3D(0.866026, 0, 0.5, 0, 1, 0, -0.5, 0, 0.866026, -20.4756, -0.436771, -54.888)
ObjId = 34

[node name="ModBuilder_GruntSpawner35" parent="ModBuilder_GruntSpawner 1" instance=ExtResource("1_5qxgp")]
transform = Transform3D(0.939693, 0, 0.34202, 0, 1, 0, -0.34202, 0, 0.939693, -32.7119, -0.399357, -54.2555)
ObjId = 35

[node name="ModBuilder_GruntSpawner36" parent="ModBuilder_GruntSpawner 1" instance=ExtResource("1_5qxgp")]
transform = Transform3D(0.984808, 0, 0.173648, 0, 1, 0, -0.173648, 0, 0.984808, -1.75598, 0.192696, -56.0623)
ObjId = 36

[node name="ModBuilder_GruntSpawner101" parent="ModBuilder_GruntSpawner 1" instance=ExtResource("1_5qxgp")]
transform = Transform3D(-0.825114, 0, 0.564968, 0, 1, 0, -0.564968, 0, -0.825114, 4.72937, 26.8046, 90.8589)
ObjId = 101

[node name="ModBuilder_GruntSpawner102" parent="ModBuilder_GruntSpawner 1" instance=ExtResource("1_5qxgp")]
transform = Transform3D(-0.825114, 0, 0.564968, 0, 1, 0, -0.564968, 0, -0.825114, 12.7139, 26.8046, 91.8371)
ObjId = 102

[node name="ModBuilder_GruntSpawner103" parent="ModBuilder_GruntSpawner 1" instance=ExtResource("1_5qxgp")]
transform = Transform3D(-0.825114, 0, 0.564968, 0, 1, 0, -0.564968, 0, -0.825114, 11.6786, 26.8046, 83.7411)
ObjId = 103

[node name="ModBuilder_GruntSpawner104" parent="ModBuilder_GruntSpawner 1" instance=ExtResource("1_5qxgp")]
transform = Transform3D(-0.825114, 0, 0.564968, 0, 1, 0, -0.564968, 0, -0.825114, 19.9153, 26.8046, 84.8025)
ObjId = 104

[node name="ModBuilder_GruntSpawner105" parent="ModBuilder_GruntSpawner 1" instance=ExtResource("1_5qxgp")]
transform = Transform3D(-0.825114, 0, 0.564968, 0, 1, 0, -0.564968, 0, -0.825114, 18.7431, 26.8046, 76.5484)
ObjId = 105

[node name="ModBuilder_GruntSpawner106" parent="ModBuilder_GruntSpawner 1" instance=ExtResource("1_5qxgp")]
transform = Transform3D(-0.825114, 0, 0.564968, 0, 1, 0, -0.564968, 0, -0.825114, 26.8118, 26.8046, 77.4409)
ObjId = 106

[node name="ModBuilder_GruntSpawner107" parent="ModBuilder_GruntSpawner 1" instance=ExtResource("1_5qxgp")]
transform = Transform3D(-0.825114, 0, 0.564968, 0, 1, 0, -0.564968, 0, -0.825114, 25.8396, 26.8046, 69.2807)
ObjId = 107

[node name="ModBuilder_GruntSpawner108" parent="ModBuilder_GruntSpawner 1" instance=ExtResource("1_5qxgp")]
transform = Transform3D(-0.825114, 0, 0.564968, 0, 1, 0, -0.564968, 0, -0.825114, 34.0341, 26.8046, 70.3848)
ObjId = 108

[node name="ModBuilder_GruntSpawner109" parent="ModBuilder_GruntSpawner 1" instance=ExtResource("1_5qxgp")]
transform = Transform3D(-0.825114, 0, 0.564968, 0, 1, 0, -0.564968, 0, -0.825114, 32.6938, 26.8046, 62.3024)
ObjId = 109

[node name="ModBuilder_GruntSpawner110" parent="ModBuilder_GruntSpawner 1" instance=ExtResource("1_5qxgp")]
transform = Transform3D(-0.825114, 0, 0.564968, 0, 1, 0, -0.564968, 0, -0.825114, 40.8677, 26.8046, 63.0878)
ObjId = 110

[node name="ModBuilder_GruntSpawner111" parent="ModBuilder_GruntSpawner 1" instance=ExtResource("1_5qxgp")]
transform = Transform3D(-0.825114, 0, 0.564968, 0, 1, 0, -0.564968, 0, -0.825114, 39.7689, 26.8046, 55.0561)
ObjId = 111

[node name="ModBuilder_GruntSpawner112" parent="ModBuilder_GruntSpawner 1" instance=ExtResource("1_5qxgp")]
transform = Transform3D(-0.825114, 0, 0.564968, 0, 1, 0, -0.564968, 0, -0.825114, 47.564, 26.8046, 56.5216)
ObjId = 112

[node name="TEAM_1_HQ" parent="." node_paths=PackedStringArray("InfantrySpawns") instance=ExtResource("2_bb7l4")]
transform = Transform3D(1, 0, 0, 0, 1, 0, 0, 0, 1, -598.25, 59.0975, 1.84734)
AltTeam = 0
PipCamOffset = [400, 10, 0]
ObjId = 1
InfantrySpawns = [NodePath("SpawnPoint"), NodePath("SpawnPoint2"), NodePath("SpawnPoint3"), NodePath("SpawnPoint4"), NodePath("SpawnPoint5"), NodePath("SpawnPoint6"), NodePath("SpawnPoint7"), NodePath("SpawnPoint8")]

[node name="SpawnPoint4" parent="TEAM_1_HQ" instance=ExtResource("3_2k7o3")]
transform = Transform3D(-0.617654, 0, -0.78645, 0, 1, 0, 0.78645, 0, -0.617654, 0.749756, -1.19003, 14.8183)

[node name="SpawnPoint3" parent="TEAM_1_HQ" instance=ExtResource("3_2k7o3")]
transform = Transform3D(-0.672509, 0, 0.740089, 0, 1, 0, -0.740089, 0, -0.672509, -6.8642, -1.27358, 15.4234)

[node name="SpawnPoint2" parent="TEAM_1_HQ" instance=ExtResource("3_2k7o3")]
transform = Transform3D(0.935777, 0, 0.352593, 0, 1, 0, -0.352593, 0, 0.935777, -5.5965, -1.59834, 10.9204)

[node name="SpawnPoint" parent="TEAM_1_HQ" instance=ExtResource("3_2k7o3")]
transform = Transform3D(0.607986, 0, -0.793948, 0, 1, 0, 0.793948, 0, 0.607986, -0.61615, -1.69151, 10.5126)

[node name="SpawnPoint5" parent="TEAM_1_HQ" instance=ExtResource("3_2k7o3")]
transform = Transform3D(-0.707354, 0, -0.70686, 0, 1, 0, 0.70686, 0, -0.707354, 11.3334, 2.24916, 10.584)

[node name="SpawnPoint6" parent="TEAM_1_HQ" instance=ExtResource("3_2k7o3")]
transform = Transform3D(-0.312467, 0, 0.949929, 0, 1, 0, -0.949929, 0, -0.312467, -12.4472, 0.745399, 17.915)

[node name="SpawnPoint7" parent="TEAM_1_HQ" instance=ExtResource("3_2k7o3")]
transform = Transform3D(0.817487, 0, 0.575947, 0, 1, 0, -0.575947, 0, 0.817487, -9.93994, -1.76983, -6.57995)

[node name="SpawnPoint8" parent="TEAM_1_HQ" instance=ExtResource("3_2k7o3")]
transform = Transform3D(0.710837, 0, 0.703357, 0, 1, 0, -0.703357, 0, 0.710837, -6.98157, -1.92699, -2.03225)

[node name="TEAM_2_HQ" parent="." instance=ExtResource("2_bb7l4")]
transform = Transform3D(1, 0, 0, 0, 1, 0, 0, 0, 1, -712.833, 61.8398, 57.0232)
Team = 2
AltTeam = 0
ObjId = 2

[node name="AmmoChest_Small_01" parent="." instance=ExtResource("4_ocudd")]
transform = Transform3D(1, 0, -0.000715852, 0, 1, 0, 0.000715852, 0, 1, -600.241, 58.1813, 1.55453)

[node name="AmmoChest_Small_02" parent="." instance=ExtResource("4_ocudd")]
transform = Transform3D(0.979925, 0, -0.199368, 0, 1, 0, 0.199368, 0, 0.979925, -599.567, 58.1813, 2.12315)

[node name="AmmoChest_Small_03" parent="." instance=ExtResource("4_ocudd")]
transform = Transform3D(0.192899, 0, -0.981219, 0, 1, 0, 0.981219, 0, 0.192899, -597.25, 58.1813, 3.32034)

[node name="VFXTest_InteractPoint" parent="." instance=ExtResource("5_j0cnm")]
transform = Transform3D(1, 0, 0, 0, 1, 0, 0, 0, 1, -529.661, 88.4088, 37.5591)
ObjId = 66

[node name="CashRegister_02" parent="." instance=ExtResource("6_0nnmh")]
transform = Transform3D(0.852722, 0, -0.522365, 0, 1, 0, 0.522365, 0, 0.852722, -598.643, 58.2104, 2.70828)

[node name="WorldIcon" parent="CashRegister_02" instance=ExtResource("7_pf6gf")]
transform = Transform3D(0.999979, 0, -0.00647518, 0, 1, 0, 0.00647518, 0, 0.999979, -0.00820923, 1.93781, -0.186188)
ObjId = 2
iconTextVisible = true
iconColor = [0.0, 0.776, 0.051]
iconImagePicker = 1
iconImageVisible = true

[node name="InteractPoint_Shop" parent="CashRegister_02" instance=ExtResource("5_j0cnm")]
transform = Transform3D(0.999979, 0, -0.00647513, 0, 1, 0, 0.00647513, 0, 0.999979, -0.0137329, 0.220196, 0.209705)
ObjId = 1

[node name="BarrierStoneBlock_01_A" parent="." instance=ExtResource("8_nu3li")]
transform = Transform3D(0.0170174, 0.00152683, -0.999855, -0.00201866, 0.999999, 0.00149269, 0.999855, 0.00199296, 0.0170204, -588.947, 77.2044, -31.699)

[node name="BarrierStoneBlock_01_C" parent="BarrierStoneBlock_01_A" instance=ExtResource("9_tv033")]
transform = Transform3D(1, -7.27596e-12, 0, -4.54747e-12, 1, 1.16415e-10, -5.82077e-11, 1.16415e-10, 1, -0.0418091, -3.55187, -0.018568)

[node name="BarrierStoneBlock_01_A2" parent="BarrierStoneBlock_01_A" instance=ExtResource("8_nu3li")]
transform = Transform3D(1, -7.27596e-12, 0, -4.54747e-12, 1, 1.16415e-10, -5.82077e-11, 1.16415e-10, 1, 8.47803, 0, -6.00815e-05)

[node name="BarrierStoneBlock_01_C2" parent="BarrierStoneBlock_01_A" instance=ExtResource("9_tv033")]
transform = Transform3D(1, -7.27596e-12, 0, -4.54747e-12, 1, 1.16415e-10, -5.82077e-11, 1.16415e-10, 1, 8.43719, -3.55185, -0.0186291)

[node name="BarrierStoneBlock_01_A3" parent="BarrierStoneBlock_01_A" instance=ExtResource("8_nu3li")]
transform = Transform3D(1, -7.27596e-12, 0, -4.54747e-12, 1, 1.16415e-10, -5.82077e-11, 1.16415e-10, 1, -0.000244141, 1.52588e-05, 23.2319)

[node name="BarrierStoneBlock_01_C3" parent="BarrierStoneBlock_01_A" instance=ExtResource("9_tv033")]
transform = Transform3D(1, -7.27596e-12, 0, -4.54747e-12, 1, 1.16415e-10, -5.82077e-11, 1.16415e-10, 1, -0.0421143, -3.55195, 23.2132)

[node name="BarrierStoneBlock_01_A4" parent="BarrierStoneBlock_01_A" instance=ExtResource("8_nu3li")]
transform = Transform3D(1, -7.27596e-12, 0, -4.54747e-12, 1, 1.16415e-10, -5.82077e-11, 1.16415e-10, 1, 8.47882, 2.28882e-05, 23.2318)

[node name="BarrierStoneBlock_01_C4" parent="BarrierStoneBlock_01_A" instance=ExtResource("9_tv033")]
transform = Transform3D(1, -7.27596e-12, 0, -4.54747e-12, 1, 1.16415e-10, -5.82077e-11, 1.16415e-10, 1, 8.43695, -3.55193, 23.2132)

[node name="BarrierStoneBlock_01_A5" parent="BarrierStoneBlock_01_A" instance=ExtResource("8_nu3li")]
transform = Transform3D(1, -7.27596e-12, 0, -4.54747e-12, 1, 1.16415e-10, -5.82077e-11, 1.16415e-10, 1, -0.000610352, -5.34058e-05, 13.8324)

[node name="BarrierStoneBlock_01_C5" parent="BarrierStoneBlock_01_A" instance=ExtResource("9_tv033")]
transform = Transform3D(1, -7.27596e-12, 0, -4.54747e-12, 1, 1.16415e-10, -5.82077e-11, 1.16415e-10, 1, -0.0414429, -3.55192, 13.8137)

[node name="BarrierStoneBlock_01_A6" parent="BarrierStoneBlock_01_A" instance=ExtResource("8_nu3li")]
transform = Transform3D(1, -7.27596e-12, 0, -4.54747e-12, 1, 1.16415e-10, -5.82077e-11, 1.16415e-10, 1, 8.47839, -3.8147e-05, 13.8324)

[node name="BarrierStoneBlock_01_C6" parent="BarrierStoneBlock_01_A" instance=ExtResource("9_tv033")]
transform = Transform3D(1, -7.27596e-12, 0, -4.54747e-12, 1, 1.16415e-10, -5.82077e-11, 1.16415e-10, 1, 8.43658, -3.5519, 13.8138)
visible = false

[node name="BarrierStoneBlock_01_A7" parent="BarrierStoneBlock_01_A" instance=ExtResource("8_nu3li")]
transform = Transform3D(1, -7.27596e-12, 0, -4.54747e-12, 1, 1.16415e-10, -5.82077e-11, 1.16415e-10, 1, -6.10352e-05, 1.52588e-05, 8.7612)

[node name="BarrierStoneBlock_01_C7" parent="BarrierStoneBlock_01_A" instance=ExtResource("9_tv033")]
transform = Transform3D(1, -7.27596e-12, 0, -4.54747e-12, 1, 1.16415e-10, -5.82077e-11, 1.16415e-10, 1, -0.0419312, -3.55195, 8.74243)

[node name="BarrierStoneBlock_01_C9" parent="BarrierStoneBlock_01_A" instance=ExtResource("9_tv033")]
transform = Transform3D(1, 1.16415e-10, -1.98952e-11, -4.54747e-12, -4.98258e-08, -1, -5.82077e-11, 1, -4.00469e-08, -0.041687, 1.07306, 9.61243)

[node name="BarrierStoneBlock_01_C12" parent="BarrierStoneBlock_01_A" instance=ExtResource("9_tv033")]
transform = Transform3D(1, 1.16415e-10, -1.98952e-11, -4.54747e-12, -4.98258e-08, -1, -5.82077e-11, 1, -4.00469e-08, 1.27338, 1.07312, 9.61244)

[node name="BarrierStoneBlock_01_C10" parent="BarrierStoneBlock_01_A" instance=ExtResource("9_tv033")]
transform = Transform3D(1, 1.16415e-10, -1.98952e-11, -4.54747e-12, -4.98258e-08, -1, -5.82077e-11, 1, -4.00469e-08, 8.51038, 1.07313, 9.61252)

[node name="BarrierStoneBlock_01_C11" parent="BarrierStoneBlock_01_A" instance=ExtResource("9_tv033")]
transform = Transform3D(1, 1.16415e-10, -1.98952e-11, -4.54747e-12, -4.98258e-08, -1, -5.82077e-11, 1, -4.00469e-08, 7.24438, 1.07307, 9.61248)

[node name="BarrierStoneBlock_01_A8" parent="BarrierStoneBlock_01_A" instance=ExtResource("8_nu3li")]
transform = Transform3D(1, -7.27596e-12, 0, -4.54747e-12, 1, 1.16415e-10, -5.82077e-11, 1.16415e-10, 1, 8.479, 3.05176e-05, 8.76114)

[node name="BarrierStoneBlock_01_C8" parent="BarrierStoneBlock_01_A" instance=ExtResource("9_tv033")]
transform = Transform3D(1, -7.27596e-12, 0, -4.54747e-12, 1, 1.16415e-10, -5.82077e-11, 1.16415e-10, 1, 8.43713, -3.55193, 8.74247)

[node name="BarrierStoneBlock_01_C19" parent="BarrierStoneBlock_01_A" instance=ExtResource("9_tv033")]
transform = Transform3D(0.249999, 9.87711e-10, -1.64291e-08, 4.98858e-10, 0.249999, 0, 1.64873e-08, -1.07684e-09, 0.249999, 8.43652, -3.66612, 5.992)

[node name="BarrierStoneBlock_01_C20" parent="BarrierStoneBlock_01_A" instance=ExtResource("9_tv033")]
transform = Transform3D(0.249999, 9.87711e-10, -1.64291e-08, 4.98858e-10, 0.249999, 0, 1.64873e-08, -1.07684e-09, 0.249999, 8.43671, -2.77493, 5.99193)

[node name="BarrierStoneBlock_01_C21" parent="BarrierStoneBlock_01_A" instance=ExtResource("9_tv033")]
transform = Transform3D(0.249999, 9.87711e-10, -1.64291e-08, 4.98858e-10, 0.249999, 0, 1.64873e-08, -1.07684e-09, 0.249999, 8.43695, -1.89492, 5.99194)

[node name="BarrierStoneBlock_01_C22" parent="BarrierStoneBlock_01_A" instance=ExtResource("9_tv033")]
transform = Transform3D(0.249999, 9.87711e-10, -1.64291e-08, 4.98858e-10, 0.249999, 0, 1.64873e-08, -1.07684e-09, 0.249999, 8.43713, -1.00381, 5.99197)

[node name="BarrierStoneBlock_01_C23" parent="BarrierStoneBlock_01_A" instance=ExtResource("9_tv033")]
transform = Transform3D(0.249999, 9.87711e-10, -1.64291e-08, 4.98858e-10, 0.249999, 0, 1.64873e-08, -1.07684e-09, 0.249999, 8.43744, -0.15892, 5.99193)

[node name="BarrierStoneBlock_01_C24" parent="BarrierStoneBlock_01_A" instance=ExtResource("9_tv033")]
transform = Transform3D(0.249999, 9.87711e-10, -1.64291e-08, 4.98858e-10, 0.249999, 0, 1.64873e-08, -1.07684e-09, 0.249999, 8.43707, -3.66611, 6.7916)

[node name="BarrierStoneBlock_01_C25" parent="BarrierStoneBlock_01_A" instance=ExtResource("9_tv033")]
transform = Transform3D(0.249999, 9.87711e-10, -1.64291e-08, 4.98858e-10, 0.249999, 0, 1.64873e-08, -1.07684e-09, 0.249999, 8.43726, -2.77491, 6.79153)

[node name="BarrierStoneBlock_01_C26" parent="BarrierStoneBlock_01_A" instance=ExtResource("9_tv033")]
transform = Transform3D(0.249999, 9.87711e-10, -1.64291e-08, 4.98858e-10, 0.249999, 0, 1.64873e-08, -1.07684e-09, 0.249999, 8.4375, -1.89492, 6.79154)

[node name="BarrierStoneBlock_01_C27" parent="BarrierStoneBlock_01_A" instance=ExtResource("9_tv033")]
transform = Transform3D(0.249999, 9.87711e-10, -1.64291e-08, 4.98858e-10, 0.249999, 0, 1.64873e-08, -1.07684e-09, 0.249999, 8.43671, -1.00381, 6.79157)

[node name="BarrierStoneBlock_01_C28" parent="BarrierStoneBlock_01_A" instance=ExtResource("9_tv033")]
transform = Transform3D(0.249999, 9.87711e-10, -1.64291e-08, 4.98858e-10, 0.249999, 0, 1.64873e-08, -1.07684e-09, 0.249999, 8.43701, -0.158913, 6.79153)

[node name="BarrierStoneBlock_01_C29" parent="BarrierStoneBlock_01_A" instance=ExtResource("9_tv033")]
transform = Transform3D(0.249999, 9.87711e-10, -1.64291e-08, 4.98858e-10, 0.249999, 0, 1.64873e-08, -1.07684e-09, 0.249999, 8.43744, -3.66615, 4.4054)

[node name="BarrierStoneBlock_01_C30" parent="BarrierStoneBlock_01_A" instance=ExtResource("9_tv033")]
transform = Transform3D(0.249999, 9.87711e-10, -1.64291e-08, 4.98858e-10, 0.249999, 0, 1.64873e-08, -1.07684e-09, 0.249999, 8.43665, -2.77495, 4.40533)

[node name="BarrierStoneBlock_01_C31" parent="BarrierStoneBlock_01_A" instance=ExtResource("9_tv033")]
transform = Transform3D(0.249999, 9.87711e-10, -1.64291e-08, 4.98858e-10, 0.249999, 0, 1.64873e-08, -1.07684e-09, 0.249999, 8.43683, -1.89495, 4.40534)

[node name="BarrierStoneBlock_01_C32" parent="BarrierStoneBlock_01_A" instance=ExtResource("9_tv033")]
transform = Transform3D(0.249999, 9.87711e-10, -1.64291e-08, 4.98858e-10, 0.249999, 0, 1.64873e-08, -1.07684e-09, 0.249999, 8.43707, -1.00385, 4.40537)

[node name="BarrierStoneBlock_01_C33" parent="BarrierStoneBlock_01_A" instance=ExtResource("9_tv033")]
transform = Transform3D(0.249999, 9.87711e-10, -1.64291e-08, 4.98858e-10, 0.249999, 0, 1.64873e-08, -1.07684e-09, 0.249999, 8.43732, -0.158951, 4.40533)

[node name="BarrierStoneBlock_01_C34" parent="BarrierStoneBlock_01_A" instance=ExtResource("9_tv033")]
transform = Transform3D(0.249999, 9.87711e-10, -1.64291e-08, 4.98858e-10, 0.249999, 0, 1.64873e-08, -1.07684e-09, 0.249999, 8.43695, -3.66614, 5.205)

[node name="BarrierStoneBlock_01_C35" parent="BarrierStoneBlock_01_A" instance=ExtResource("9_tv033")]
transform = Transform3D(0.249999, 9.87711e-10, -1.64291e-08, 4.98858e-10, 0.249999, 0, 1.64873e-08, -1.07684e-09, 0.249999, 8.43713, -2.77495, 5.20493)

[node name="BarrierStoneBlock_01_C36" parent="BarrierStoneBlock_01_A" instance=ExtResource("9_tv033")]
transform = Transform3D(0.249999, 9.87711e-10, -1.64291e-08, 4.98858e-10, 0.249999, 0, 1.64873e-08, -1.07684e-09, 0.249999, 8.43738, -1.89495, 5.20494)

[node name="BarrierStoneBlock_01_C37" parent="BarrierStoneBlock_01_A" instance=ExtResource("9_tv033")]
transform = Transform3D(0.249999, 9.87711e-10, -1.64291e-08, 4.98858e-10, 0.249999, 0, 1.64873e-08, -1.07684e-09, 0.249999, 8.43658, -1.00384, 5.20497)

[node name="BarrierStoneBlock_01_C38" parent="BarrierStoneBlock_01_A" instance=ExtResource("9_tv033")]
transform = Transform3D(0.249999, 9.87711e-10, -1.64291e-08, 4.98858e-10, 0.249999, 0, 1.64873e-08, -1.07684e-09, 0.249999, 8.43689, -0.158951, 5.20493)

[node name="BarrierStoneBlock_01_C39" parent="BarrierStoneBlock_01_A" instance=ExtResource("9_tv033")]
transform = Transform3D(0.249999, 9.87711e-10, -1.64291e-08, 4.98858e-10, 0.249999, 0, 1.64873e-08, -1.07684e-09, 0.249999, 8.43732, -3.66608, 2.818)

[node name="BarrierStoneBlock_01_C40" parent="BarrierStoneBlock_01_A" instance=ExtResource("9_tv033")]
transform = Transform3D(0.249999, 9.87711e-10, -1.64291e-08, 4.98858e-10, 0.249999, 0, 1.64873e-08, -1.07684e-09, 0.249999, 8.43756, -2.77488, 2.81793)

[node name="BarrierStoneBlock_01_C41" parent="BarrierStoneBlock_01_A" instance=ExtResource("9_tv033")]
transform = Transform3D(0.249999, 9.87711e-10, -1.64291e-08, 4.98858e-10, 0.249999, 0, 1.64873e-08, -1.07684e-09, 0.249999, 8.43671, -1.89488, 2.81794)

[node name="BarrierStoneBlock_01_C42" parent="BarrierStoneBlock_01_A" instance=ExtResource("9_tv033")]
transform = Transform3D(0.249999, 9.87711e-10, -1.64291e-08, 4.98858e-10, 0.249999, 0, 1.64873e-08, -1.07684e-09, 0.249999, 8.43695, -1.00378, 2.81797)

[node name="BarrierStoneBlock_01_C43" parent="BarrierStoneBlock_01_A" instance=ExtResource("9_tv033")]
transform = Transform3D(0.249999, 9.87711e-10, -1.64291e-08, 4.98858e-10, 0.249999, 0, 1.64873e-08, -1.07684e-09, 0.249999, 8.43726, -0.158875, 2.81793)

[node name="BarrierStoneBlock_01_C44" parent="BarrierStoneBlock_01_A" instance=ExtResource("9_tv033")]
transform = Transform3D(0.249999, 9.87711e-10, -1.64291e-08, 4.98858e-10, 0.249999, 0, 1.64873e-08, -1.07684e-09, 0.249999, 8.43689, -3.66608, 3.6176)

[node name="BarrierStoneBlock_01_C45" parent="BarrierStoneBlock_01_A" instance=ExtResource("9_tv033")]
transform = Transform3D(0.249999, 9.87711e-10, -1.64291e-08, 4.98858e-10, 0.249999, 0, 1.64873e-08, -1.07684e-09, 0.249999, 8.43713, -2.77489, 3.61763)

[node name="BarrierStoneBlock_01_C46" parent="BarrierStoneBlock_01_A" instance=ExtResource("9_tv033")]
transform = Transform3D(0.249999, 9.87711e-10, -1.64291e-08, 4.98858e-10, 0.249999, 0, 1.64873e-08, -1.07684e-09, 0.249999, 8.43726, -1.89487, 3.61754)

[node name="BarrierStoneBlock_01_C47" parent="BarrierStoneBlock_01_A" instance=ExtResource("9_tv033")]
transform = Transform3D(0.249999, 9.87711e-10, -1.64291e-08, 4.98858e-10, 0.249999, 0, 1.64873e-08, -1.07684e-09, 0.249999, 8.4375, -1.00378, 3.61757)

[node name="BarrierStoneBlock_01_C48" parent="BarrierStoneBlock_01_A" instance=ExtResource("9_tv033")]
transform = Transform3D(0.249999, 9.87711e-10, -1.64291e-08, 4.98858e-10, 0.249999, 0, 1.64873e-08, -1.07684e-09, 0.249999, 8.43677, -0.158875, 3.61753)

[node name="BarrierStoneBlock_01_C49" parent="BarrierStoneBlock_01_A" instance=ExtResource("9_tv033")]
transform = Transform3D(0.249999, 9.87711e-10, -1.64291e-08, 4.98858e-10, 0.249999, 0, 1.64873e-08, -1.07684e-09, 0.249999, 8.43732, -3.66611, 1.2314)

[node name="BarrierStoneBlock_01_C50" parent="BarrierStoneBlock_01_A" instance=ExtResource("9_tv033")]
transform = Transform3D(0.249999, 9.87711e-10, -1.64291e-08, 4.98858e-10, 0.249999, 0, 1.64873e-08, -1.07684e-09, 0.249999, 8.4375, -2.77491, 1.23143)

[node name="BarrierStoneBlock_01_C51" parent="BarrierStoneBlock_01_A" instance=ExtResource("9_tv033")]
transform = Transform3D(0.249999, 9.87711e-10, -1.64291e-08, 4.98858e-10, 0.249999, 0, 1.64873e-08, -1.07684e-09, 0.249999, 8.43677, -1.89492, 1.23134)

[node name="BarrierStoneBlock_01_C52" parent="BarrierStoneBlock_01_A" instance=ExtResource("9_tv033")]
transform = Transform3D(0.249999, 9.87711e-10, -1.64291e-08, 4.98858e-10, 0.249999, 0, 1.64873e-08, -1.07684e-09, 0.249999, 8.43689, -1.00381, 1.23137)

[node name="BarrierStoneBlock_01_C53" parent="BarrierStoneBlock_01_A" instance=ExtResource("9_tv033")]
transform = Transform3D(0.249999, 9.87711e-10, -1.64291e-08, 4.98858e-10, 0.249999, 0, 1.64873e-08, -1.07684e-09, 0.249999, 8.43719, -0.158913, 1.23143)

[node name="BarrierStoneBlock_01_C54" parent="BarrierStoneBlock_01_A" instance=ExtResource("9_tv033")]
transform = Transform3D(0.249999, 9.87711e-10, -1.64291e-08, 4.98858e-10, 0.249999, 0, 1.64873e-08, -1.07684e-09, 0.249999, 8.43683, -3.66611, 2.031)

[node name="BarrierStoneBlock_01_C55" parent="BarrierStoneBlock_01_A" instance=ExtResource("9_tv033")]
transform = Transform3D(0.249999, 9.87711e-10, -1.64291e-08, 4.98858e-10, 0.249999, 0, 1.64873e-08, -1.07684e-09, 0.249999, 8.43707, -2.7749, 2.03103)

[node name="BarrierStoneBlock_01_C56" parent="BarrierStoneBlock_01_A" instance=ExtResource("9_tv033")]
transform = Transform3D(0.249999, 9.87711e-10, -1.64291e-08, 4.98858e-10, 0.249999, 0, 1.64873e-08, -1.07684e-09, 0.249999, 8.43732, -1.89491, 2.03094)

[node name="BarrierStoneBlock_01_C57" parent="BarrierStoneBlock_01_A" instance=ExtResource("9_tv033")]
transform = Transform3D(0.249999, 9.87711e-10, -1.64291e-08, 4.98858e-10, 0.249999, 0, 1.64873e-08, -1.07684e-09, 0.249999, 8.43744, -1.0038, 2.03097)

[node name="BarrierStoneBlock_01_C58" parent="BarrierStoneBlock_01_A" instance=ExtResource("9_tv033")]
transform = Transform3D(0.249999, 9.87711e-10, -1.64291e-08, 4.98858e-10, 0.249999, 0, 1.64873e-08, -1.07684e-09, 0.249999, 8.43677, -0.158913, 2.03103)

[node name="BarrierStoneBlock_01_C59" parent="BarrierStoneBlock_01_A" instance=ExtResource("9_tv033")]
transform = Transform3D(0.249999, 9.87711e-10, -1.64291e-08, 4.98858e-10, 0.249999, 0, 1.64873e-08, -1.07684e-09, 0.249999, 8.43658, -3.66608, 12.0604)

[node name="BarrierStoneBlock_01_C60" parent="BarrierStoneBlock_01_A" instance=ExtResource("9_tv033")]
transform = Transform3D(0.249999, 9.87711e-10, -1.64291e-08, 4.98858e-10, 0.249999, 0, 1.64873e-08, -1.07684e-09, 0.249999, 8.43677, -2.77488, 12.0604)

[node name="BarrierStoneBlock_01_C61" parent="BarrierStoneBlock_01_A" instance=ExtResource("9_tv033")]
transform = Transform3D(0.249999, 9.87711e-10, -1.64291e-08, 4.98858e-10, 0.249999, 0, 1.64873e-08, -1.07684e-09, 0.249999, 8.43701, -1.89489, 12.0604)

[node name="BarrierStoneBlock_01_C62" parent="BarrierStoneBlock_01_A" instance=ExtResource("9_tv033")]
transform = Transform3D(0.249999, 9.87711e-10, -1.64291e-08, 4.98858e-10, 0.249999, 0, 1.64873e-08, -1.07684e-09, 0.249999, 8.43726, -1.00377, 12.0605)

[node name="BarrierStoneBlock_01_C63" parent="BarrierStoneBlock_01_A" instance=ExtResource("9_tv033")]
transform = Transform3D(0.249999, 9.87711e-10, -1.64291e-08, 4.98858e-10, 0.249999, 0, 1.64873e-08, -1.07684e-09, 0.249999, 8.43652, -0.158882, 12.0604)

[node name="BarrierStoneBlock_01_C64" parent="BarrierStoneBlock_01_A" instance=ExtResource("9_tv033")]
transform = Transform3D(0.249999, 9.87711e-10, -1.64291e-08, 4.98858e-10, 0.249999, 0, 1.64873e-08, -1.07684e-09, 0.249999, 8.43713, -3.66607, 12.8601)

[node name="BarrierStoneBlock_01_C65" parent="BarrierStoneBlock_01_A" instance=ExtResource("9_tv033")]
transform = Transform3D(0.249999, 9.87711e-10, -1.64291e-08, 4.98858e-10, 0.249999, 0, 1.64873e-08, -1.07684e-09, 0.249999, 8.43732, -2.77487, 12.86)

[node name="BarrierStoneBlock_01_C66" parent="BarrierStoneBlock_01_A" instance=ExtResource("9_tv033")]
transform = Transform3D(0.249999, 9.87711e-10, -1.64291e-08, 4.98858e-10, 0.249999, 0, 1.64873e-08, -1.07684e-09, 0.249999, 8.43756, -1.89487, 12.86)

[node name="BarrierStoneBlock_01_C67" parent="BarrierStoneBlock_01_A" instance=ExtResource("9_tv033")]
transform = Transform3D(0.249999, 9.87711e-10, -1.64291e-08, 4.98858e-10, 0.249999, 0, 1.64873e-08, -1.07684e-09, 0.249999, 8.43677, -1.00377, 12.8601)

[node name="BarrierStoneBlock_01_C68" parent="BarrierStoneBlock_01_A" instance=ExtResource("9_tv033")]
transform = Transform3D(0.249999, 9.87711e-10, -1.64291e-08, 4.98858e-10, 0.249999, 0, 1.64873e-08, -1.07684e-09, 0.249999, 8.43707, -0.158867, 12.86)

[node name="BarrierStoneBlock_01_C69" parent="BarrierStoneBlock_01_A" instance=ExtResource("9_tv033")]
transform = Transform3D(0.249999, 9.87711e-10, -1.64291e-08, 4.98858e-10, 0.249999, 0, 1.64873e-08, -1.07684e-09, 0.249999, 8.43658, -3.66611, 10.4739)

[node name="BarrierStoneBlock_01_C70" parent="BarrierStoneBlock_01_A" instance=ExtResource("9_tv033")]
transform = Transform3D(0.249999, 9.87711e-10, -1.64291e-08, 4.98858e-10, 0.249999, 0, 1.64873e-08, -1.07684e-09, 0.249999, 8.43677, -2.77492, 10.4738)

[node name="BarrierStoneBlock_01_C71" parent="BarrierStoneBlock_01_A" instance=ExtResource("9_tv033")]
transform = Transform3D(0.249999, 9.87711e-10, -1.64291e-08, 4.98858e-10, 0.249999, 0, 1.64873e-08, -1.07684e-09, 0.249999, 8.43695, -1.89491, 10.4738)

[node name="BarrierStoneBlock_01_C72" parent="BarrierStoneBlock_01_A" instance=ExtResource("9_tv033")]
transform = Transform3D(0.249999, 9.87711e-10, -1.64291e-08, 4.98858e-10, 0.249999, 0, 1.64873e-08, -1.07684e-09, 0.249999, 8.43719, -1.00381, 10.4739)

[node name="BarrierStoneBlock_01_C73" parent="BarrierStoneBlock_01_A" instance=ExtResource("9_tv033")]
transform = Transform3D(0.249999, 9.87711e-10, -1.64291e-08, 4.98858e-10, 0.249999, 0, 1.64873e-08, -1.07684e-09, 0.249999, 8.4375, -0.158905, 10.4738)

[node name="BarrierStoneBlock_01_C74" parent="BarrierStoneBlock_01_A" instance=ExtResource("9_tv033")]
transform = Transform3D(0.249999, 9.87711e-10, -1.64291e-08, 4.98858e-10, 0.249999, 0, 1.64873e-08, -1.07684e-09, 0.249999, 8.43713, -3.66611, 11.2735)

[node name="BarrierStoneBlock_01_C75" parent="BarrierStoneBlock_01_A" instance=ExtResource("9_tv033")]
transform = Transform3D(0.249999, 9.87711e-10, -1.64291e-08, 4.98858e-10, 0.249999, 0, 1.64873e-08, -1.07684e-09, 0.249999, 8.43732, -2.7749, 11.2735)

[node name="BarrierStoneBlock_01_C76" parent="BarrierStoneBlock_01_A" instance=ExtResource("9_tv033")]
transform = Transform3D(0.249999, 9.87711e-10, -1.64291e-08, 4.98858e-10, 0.249999, 0, 1.64873e-08, -1.07684e-09, 0.249999, 8.43652, -1.89491, 11.2734)

[node name="BarrierStoneBlock_01_C77" parent="BarrierStoneBlock_01_A" instance=ExtResource("9_tv033")]
transform = Transform3D(0.249999, 9.87711e-10, -1.64291e-08, 4.98858e-10, 0.249999, 0, 1.64873e-08, -1.07684e-09, 0.249999, 8.43677, -1.0038, 11.2735)

[node name="BarrierStoneBlock_01_C78" parent="BarrierStoneBlock_01_A" instance=ExtResource("9_tv033")]
transform = Transform3D(0.249999, 9.87711e-10, -1.64291e-08, 4.98858e-10, 0.249999, 0, 1.64873e-08, -1.07684e-09, 0.249999, 8.43707, -0.158905, 11.2735)

[node name="BarrierStoneBlock_01_C79" parent="BarrierStoneBlock_01_A" instance=ExtResource("9_tv033")]
transform = Transform3D(0.249999, 9.87711e-10, -1.64291e-08, 4.98858e-10, 0.249999, 0, 1.64873e-08, -1.07684e-09, 0.249999, 8.43756, -3.66606, 22.3707)

[node name="BarrierStoneBlock_01_C80" parent="BarrierStoneBlock_01_A" instance=ExtResource("9_tv033")]
transform = Transform3D(0.249999, 9.87711e-10, -1.64291e-08, 4.98858e-10, 0.249999, 0, 1.64873e-08, -1.07684e-09, 0.249999, 8.43683, -2.77487, 22.3707)

[node name="BarrierStoneBlock_01_C81" parent="BarrierStoneBlock_01_A" instance=ExtResource("9_tv033")]
transform = Transform3D(0.249999, 9.87711e-10, -1.64291e-08, 4.98858e-10, 0.249999, 0, 1.64873e-08, -1.07684e-09, 0.249999, 8.43701, -1.89487, 22.3707)

[node name="BarrierStoneBlock_01_C82" parent="BarrierStoneBlock_01_A" instance=ExtResource("9_tv033")]
transform = Transform3D(0.249999, 9.87711e-10, -1.64291e-08, 4.98858e-10, 0.249999, 0, 1.64873e-08, -1.07684e-09, 0.249999, 8.43719, -1.00377, 22.3708)

[node name="BarrierStoneBlock_01_C83" parent="BarrierStoneBlock_01_A" instance=ExtResource("9_tv033")]
transform = Transform3D(0.249999, 9.87711e-10, -1.64291e-08, 4.98858e-10, 0.249999, 0, 1.64873e-08, -1.07684e-09, 0.249999, 8.4375, -0.158966, 22.3707)

[node name="BarrierStoneBlock_01_C84" parent="BarrierStoneBlock_01_A" instance=ExtResource("9_tv033")]
transform = Transform3D(0.249999, 9.87711e-10, -1.64291e-08, 4.98858e-10, 0.249999, 0, 1.64873e-08, -1.07684e-09, 0.249999, 8.43701, -3.66613, 9.686)

[node name="BarrierStoneBlock_01_C85" parent="BarrierStoneBlock_01_A" instance=ExtResource("9_tv033")]
transform = Transform3D(0.249999, 9.87711e-10, -1.64291e-08, 4.98858e-10, 0.249999, 0, 1.64873e-08, -1.07684e-09, 0.249999, 8.43719, -2.77494, 9.68593)

[node name="BarrierStoneBlock_01_C86" parent="BarrierStoneBlock_01_A" instance=ExtResource("9_tv033")]
transform = Transform3D(0.249999, 9.87711e-10, -1.64291e-08, 4.98858e-10, 0.249999, 0, 1.64873e-08, -1.07684e-09, 0.249999, 8.43744, -1.89494, 9.68594)

[node name="BarrierStoneBlock_01_C87" parent="BarrierStoneBlock_01_A" instance=ExtResource("9_tv033")]
transform = Transform3D(0.249999, 9.87711e-10, -1.64291e-08, 4.98858e-10, 0.249999, 0, 1.64873e-08, -1.07684e-09, 0.249999, 8.43665, -1.00383, 9.68597)

[node name="BarrierStoneBlock_01_C88" parent="BarrierStoneBlock_01_A" instance=ExtResource("9_tv033")]
transform = Transform3D(0.249999, 9.87711e-10, -1.64291e-08, 4.98858e-10, 0.249999, 0, 1.64873e-08, -1.07684e-09, 0.249999, 8.43695, -0.158936, 9.68593)

[node name="BarrierStoneBlock_01_C89" parent="BarrierStoneBlock_01_A" instance=ExtResource("9_tv033")]
transform = Transform3D(0.249999, 9.87711e-10, -1.64291e-08, 4.98858e-10, 0.249999, 0, 1.64873e-08, -1.07684e-09, 0.249999, 8.43665, -3.6661, 7.6558)

[node name="BarrierStoneBlock_01_C90" parent="BarrierStoneBlock_01_A" instance=ExtResource("9_tv033")]
transform = Transform3D(0.249999, 9.87711e-10, -1.64291e-08, 4.98858e-10, 0.249999, 0, 1.64873e-08, -1.07684e-09, 0.249999, 8.43677, -2.7749, 7.65573)

[node name="BarrierStoneBlock_01_C91" parent="BarrierStoneBlock_01_A" instance=ExtResource("9_tv033")]
transform = Transform3D(0.249999, 9.87711e-10, -1.64291e-08, 4.98858e-10, 0.249999, 0, 1.64873e-08, -1.07684e-09, 0.249999, 8.43701, -1.89491, 7.65574)

