[gd_scene load_steps=76 format=3 uid="uid://dvkp8i3lg2mtk"]

[ext_resource type="PackedScene" path="res://objects/Gameplay/Common/HQ_PlayerSpawner.tscn" id="1_u7cr0"]
[ext_resource type="PackedScene" uid="uid://jv31so3xcr7p" path="res://addons/bf_portal/portal_tools/types/PolygonVolume/PolygonVolume.tscn" id="2_cjtf1"]
[ext_resource type="PackedScene" path="res://objects/Global/FX/FX_Autocannon_30mm_AP_Hit_Metal_GS.tscn" id="2_ovou1"]
[ext_resource type="PackedScene" path="res://objects/entities/SpawnPoint.tscn" id="3_1xa2v"]
[ext_resource type="PackedScene" path="res://objects/Gameplay/Common/CombatArea.tscn" id="4_y7w5f"]
[ext_resource type="PackedScene" path="res://static/MP_Aftermath_Terrain.tscn" id="5_tlxhh"]
[ext_resource type="PackedScene" path="res://static/MP_Aftermath_Assets.tscn" id="6_lmucn"]
[ext_resource type="PackedScene" path="res://objects/Global/Architecture/FiringRange_Floor_A.tscn" id="7_wolu0"]
[ext_resource type="PackedScene" path="res://objects/Gameplay/Common/InteractPoint.tscn" id="8_hbnaf"]
[ext_resource type="PackedScene" path="res://objects/Gameplay/Common/DeployCam.tscn" id="9_hbnaf"]
[ext_resource type="PackedScene" path="res://objects/Gameplay/AI/AI_Spawner.tscn" id="9_l53ew"]
[ext_resource type="PackedScene" path="res://objects/Shared/Generic/Common/Props/ComputerMouseKeyboard_01.tscn" id="10_5147t"]
[ext_resource type="PackedScene" path="res://objects/Shared/Generic/Common/Props/ParkFurnitureBench_01_256.tscn" id="10_gljig"]
[ext_resource type="PackedScene" path="res://objects/Shared/Generic/Common/Props/PedestrianButton_01.tscn" id="11_lcs3j"]
[ext_resource type="PackedScene" path="res://objects/Shared/Generic/Common/Props/ComputerMonitor_01.tscn" id="11_p8fd2"]
[ext_resource type="PackedScene" path="res://objects/Shared/Generic/Common/Architecture/HighwayRailing_01_1024.tscn" id="12_lcs3j"]
[ext_resource type="PackedScene" path="res://objects/Shared/Generic/Common/Props/CollapsibleTable_01.tscn" id="13_nxsag"]
[ext_resource type="PackedScene" path="res://objects/Shared/Generic/Military/Props/BarrierConcreteWall_01_192x320.tscn" id="13_p8fd2"]
[ext_resource type="PackedScene" path="res://objects/Shared/Props/NASA01_A.tscn" id="15_7t5q3"]
[ext_resource type="PackedScene" path="res://objects/Shared/Generic/Industrial/Architecture/ConstructionWallConcrete_01_512x512x64.tscn" id="16_gljig"]
[ext_resource type="PackedScene" path="res://objects/Global/Architecture/FiringRange_Wall_1024_01.tscn" id="19_g674j"]
[ext_resource type="PackedScene" path="res://objects/Shared/Generic/Common/Props/SignPole_01.tscn" id="23_w4k7q"]
[ext_resource type="PackedScene" path="res://objects/Brooklyn/MP_Aftermath/Generic/Common/Nature/EucalyptusSilverDollarPotted_01_M_B_Snow.tscn" id="24_xyyf5"]
[ext_resource type="PackedScene" path="res://objects/Brooklyn/MP_Aftermath/Generic/Industrial/Architecture/WarehouseBeamRoof_01_64x1024.tscn" id="25_ven4x"]
[ext_resource type="PackedScene" path="res://objects/Shared/Generic/Common/Props/BarStool_01.tscn" id="26_dbu0n"]
[ext_resource type="PackedScene" path="res://objects/Brooklyn/Shared/Generic/Common/Props/BarCounter_02.tscn" id="27_bcopx"]
[ext_resource type="PackedScene" path="res://objects/Shared/Generic/Common/Props/WineBottleCluster_01_A.tscn" id="28_lwwwh"]
[ext_resource type="PackedScene" path="res://objects/Shared/Generic/Common/Props/WineBottleCluster_01_B.tscn" id="29_p5u7v"]
[ext_resource type="PackedScene" path="res://objects/Shared/Generic/Common/Props/WineBottleSingle_01_A.tscn" id="30_bmpwl"]
[ext_resource type="PackedScene" path="res://objects/Shared/Generic/Common/Props/WineBottleSingle_01_B.tscn" id="31_k4pgk"]
[ext_resource type="PackedScene" path="res://objects/Shared/Generic/Common/Props/BottleKetchup_01.tscn" id="32_hw66j"]
[ext_resource type="PackedScene" path="res://objects/Brooklyn/Shared/Generic/Common/Props/BottleMustard_01.tscn" id="33_dk4k7"]
[ext_resource type="PackedScene" path="res://objects/Shared/Generic/Common/Props/Bottle_02.tscn" id="34_yspqe"]
[ext_resource type="PackedScene" path="res://objects/Shared/Generic/Common/Props/Bottle_01_C.tscn" id="35_g1aak"]
[ext_resource type="PackedScene" path="res://objects/Shared/Generic/Common/Props/Bookcase_02.tscn" id="36_dt1xo"]
[ext_resource type="PackedScene" path="res://objects/Shared/Generic/Common/Props/ACUnitInterior_01.tscn" id="37_bcopx"]
[ext_resource type="PackedScene" path="res://objects/Shared/Generic/Common/Props/CafeTable_01_A.tscn" id="38_yspqe"]
[ext_resource type="PackedScene" path="res://objects/Shared/Generic/Common/Props/TableRestaurantRound_01.tscn" id="39_g1aak"]
[ext_resource type="PackedScene" path="res://objects/Shared/Architecture/RestaurantLogoPizza_01.tscn" id="40_dt1xo"]
[ext_resource type="PackedScene" path="res://objects/Shared/Props/CoffeeShopStool_01_A.tscn" id="41_nm3yw"]
[ext_resource type="PackedScene" path="res://objects/Shared/Props/CoffeeShopStool_01_B.tscn" id="42_ayfi0"]
[ext_resource type="PackedScene" path="res://objects/Global/Generic/Industrial/Architecture/ConstructionSetDoorwayConcrete_01_256x512x64.tscn" id="43_8sbr8"]
[ext_resource type="PackedScene" path="res://objects/Shared/Props/DoorFake_01_128.tscn" id="44_yspqe"]
[ext_resource type="PackedScene" path="res://objects/Shared/Generic/Common/LightFixtures/CeilingLamp_Exit_01_nbrk.tscn" id="45_g1aak"]
[ext_resource type="PackedScene" path="res://objects/Brooklyn/MP_Aftermath/Uncategorized/BF03_DiegeticRadRadioPlayer_BoomBoxVariant_Spatial_01.tscn" id="46_dt1xo"]
[ext_resource type="PackedScene" path="res://objects/Shared/Props/BasketballNet_01.tscn" id="47_i4ewd"]
[ext_resource type="PackedScene" path="res://objects/Global/Props/Basketball_01.tscn" id="48_mcxa3"]
[ext_resource type="PackedScene" path="res://objects/Shared/Generic/Common/Props/BeverageFridge_01_A.tscn" id="49_b4umc"]
[ext_resource type="PackedScene" path="res://objects/Brooklyn/MP_Aftermath/Architecture/BlockCornice_01_640x128_C90.tscn" id="51_4ii4r"]
[ext_resource type="PackedScene" path="res://objects/Shared/Generic/Common/Props/BoxCardboardStackSmall_01.tscn" id="52_motki"]
[ext_resource type="PackedScene" path="res://objects/Shared/Generic/Common/Props/BoxCardboard_01_A.tscn" id="53_s1uim"]
[ext_resource type="PackedScene" path="res://objects/Shared/Generic/Common/Props/Bread_01.tscn" id="54_6o7mm"]
[ext_resource type="PackedScene" path="res://objects/Shared/Generic/Common/Props/Broom_01.tscn" id="55_73m2q"]
[ext_resource type="PackedScene" path="res://objects/Shared/Generic/Common/Props/BucketMetal_01.tscn" id="56_pgy2r"]
[ext_resource type="PackedScene" path="res://objects/Shared/Generic/Common/Props/CameraSurveillance_01_A.tscn" id="57_igbh6"]
[ext_resource type="PackedScene" path="res://objects/Global/Props/CameraSurveillance_01_B.tscn" id="58_pd8r0"]
[ext_resource type="PackedScene" path="res://objects/Shared/Generic/Common/Props/CashRegister_02.tscn" id="59_0t585"]
[ext_resource type="PackedScene" path="res://objects/Brooklyn/MP_Aftermath/Generic/Industrial/LightFixtures/CeilingLamp_Bulb_01_h_128.tscn" id="60_kxysg"]
[ext_resource type="PackedScene" path="res://objects/Shared/Generic/Common/Props/ChainLinkFence_01_313.tscn" id="61_hs2ec"]
[ext_resource type="PackedScene" path="res://objects/Shared/Generic/Common/Props/CoffeeCarafe_01.tscn" id="62_igbh6"]
[ext_resource type="PackedScene" path="res://objects/Shared/Generic/Common/Props/CoffeeCup_01_B.tscn" id="63_pd8r0"]
[ext_resource type="PackedScene" path="res://objects/Shared/Generic/Common/Props/CoffeeMaker_01.tscn" id="64_0t585"]
[ext_resource type="PackedScene" path="res://objects/Shared/Generic/Common/Props/CoffeePaperCup_01.tscn" id="65_kxysg"]
[ext_resource type="PackedScene" path="res://objects/Brooklyn/MP_Aftermath/Generic/Common/Props/ConcreteStairs_01_A_512x192.tscn" id="66_igbh6"]
[ext_resource type="PackedScene" path="res://objects/Shared/Generic/Common/Props/Cooler_01.tscn" id="66_kxysg"]
[ext_resource type="PackedScene" path="res://objects/Shared/Generic/Common/Props/ElectricBox_01_B.tscn" id="67_hs2ec"]
[ext_resource type="PackedScene" path="res://objects/Shared/Generic/Industrial/Props/Evacuated_01_Toolbox.tscn" id="68_0vjm2"]
[ext_resource type="PackedScene" path="res://objects/Global/Props/FiringRange_ChairFolding_01_C.tscn" id="69_sdm2c"]
[ext_resource type="PackedScene" path="res://objects/Shared/Generic/Common/Props/Flashlight_01.tscn" id="70_0vjm2"]
[ext_resource type="PackedScene" path="res://objects/Global/Generic/Common/Props/FireAlarmButton_01.tscn" id="71_sdm2c"]
[ext_resource type="PackedScene" path="res://objects/Shared/Generic/Common/Props/FireExtinguisher_01.tscn" id="72_gfriv"]
[ext_resource type="PackedScene" path="res://objects/Brooklyn/Shared/Generic/Common/Nature/Hydrangea_02_S.tscn" id="73_gfriv"]
[ext_resource type="PackedScene" path="res://objects/Shared/Generic/Common/Props/Ladder_01.tscn" id="74_trbo0"]
[ext_resource type="PackedScene" path="res://objects/Shared/Generic/Common/Props/Metrobus_Wreck_Rim_Front.tscn" id="75_kx8oa"]

[sub_resource type="SphereMesh" id="SphereMesh_wolu0"]

[node name="MP_Aftermath" type="Node3D"]

[node name="EndingPlatform" type="Node3D" parent="."]
transform = Transform3D(1, 0, 0, 0, 1, 0, 0, 0, 1, -569.281, 139.212, -122.488)

[node name="WinnerPlatform" type="Node3D" parent="EndingPlatform"]

[node name="WinnerPos" type="MeshInstance3D" parent="EndingPlatform/WinnerPlatform"]
transform = Transform3D(0.8, 0, 0, 0, 0.8, 0, 0, 0, 0.8, -2.35315, 3.2085, 9.34304)
mesh = SubResource("SphereMesh_wolu0")
skeleton = NodePath("../FiringRange_Floor_A15")

[node name="FiringRange_Floor_A9" parent="EndingPlatform/WinnerPlatform" instance=ExtResource("7_wolu0")]
transform = Transform3D(1, 0, 0, 0, 1, 0, 0, 0, 1, -5, 0, 11.2127)

[node name="FiringRange_Floor_A12" parent="EndingPlatform/WinnerPlatform" instance=ExtResource("7_wolu0")]
transform = Transform3D(0.8, 0, 0, 0, 0.8, 0, 0, 0, 0.8, -4.29211, 0.486969, 10.9871)

[node name="FiringRange_Floor_A13" parent="EndingPlatform/WinnerPlatform" instance=ExtResource("7_wolu0")]
transform = Transform3D(0.8, 0, 0, 0, 0.8, 0, 0, 0, 0.8, -4.29211, 0.962891, 10.9871)

[node name="FiringRange_Floor_A14" parent="EndingPlatform/WinnerPlatform" instance=ExtResource("7_wolu0")]
transform = Transform3D(0.8, 0, 0, 0, 0.8, 0, 0, 0, 0.8, -4.29211, 1.4536, 10.9871)

[node name="FiringRange_Floor_A15" parent="EndingPlatform/WinnerPlatform" instance=ExtResource("7_wolu0")]
transform = Transform3D(0.8, 0, 0, 0, 0.8, 0, 0, 0, 0.8, -4.29211, 1.97176, 10.9871)

[node name="FiringRange_Floor_A10" parent="EndingPlatform/WinnerPlatform" instance=ExtResource("7_wolu0")]
transform = Transform3D(1, 0, 0, 0, 1, 0, 0, 0, 1, 0, 0, 11.2127)

[node name="FiringRange_Floor_A11" parent="EndingPlatform/WinnerPlatform" instance=ExtResource("7_wolu0")]
transform = Transform3D(1, 0, 0, 0, 1, 0, 0, 0, 1, -10, 0, 11.2127)

[node name="FX_Autocannon_30mm_AP_Hit_Metal_GS" parent="EndingPlatform/WinnerPlatform" instance=ExtResource("2_ovou1")]
transform = Transform3D(-4.37114e-08, 0.806011, -0.591901, 4.37114e-08, 0.591901, 0.806011, 1, 9.35906e-09, -6.11047e-08, 4.77635, 4.24974, 9.94495)
ObjId = 1

[node name="FX_Autocannon_30mm_AP_Hit_Metal_GS2" parent="EndingPlatform/WinnerPlatform" instance=ExtResource("2_ovou1")]
transform = Transform3D(1.31134e-07, -0.806011, 0.591901, 4.37114e-08, 0.591901, 0.806011, -1, -7.98228e-08, 1.1285e-07, -9.21783, 4.12857, 9.94495)
ObjId = 2

[node name="PedestrianButton_01" parent="EndingPlatform/WinnerPlatform" instance=ExtResource("11_lcs3j")]
transform = Transform3D(-4.37114e-08, 0, 1, 0, 1, 0, -1, 0, -4.37114e-08, -0.988342, 1.97176, 8.22665)

[node name="SignPole_01" parent="EndingPlatform/WinnerPlatform" instance=ExtResource("23_w4k7q")]
transform = Transform3D(1, 0, 0, 0, 1, 0, 0, 0, 1, -0.983154, 0.452332, 8.3132)

[node name="InteractPoint" parent="EndingPlatform/WinnerPlatform/SignPole_01" instance=ExtResource("8_hbnaf")]
transform = Transform3D(1, 0, 0, 0, 1, 0, 0, 0, 1, 0, 2.79494, 0.154106)
ObjId = 5

[node name="LoserPlatform" type="Node3D" parent="EndingPlatform"]
transform = Transform3D(1, 0, 0, 0, 1, 0, 0, 0, 1, 0, -100, -2.813)

[node name="FiringRange_Floor_A3" parent="EndingPlatform/LoserPlatform" instance=ExtResource("7_wolu0")]

[node name="FiringRange_Floor_A4" parent="EndingPlatform/LoserPlatform" instance=ExtResource("7_wolu0")]
transform = Transform3D(1, 0, 0, 0, 1, 0, 0, 0, 1, -5, 0, 0)

[node name="FiringRange_Floor_A5" parent="EndingPlatform/LoserPlatform" instance=ExtResource("7_wolu0")]
transform = Transform3D(1, 0, 0, 0, 1, 0, 0, 0, 1, -10, 0, 0)

[node name="FiringRange_Floor_A6" parent="EndingPlatform/LoserPlatform" instance=ExtResource("7_wolu0")]
transform = Transform3D(1, 0, 0, 0, 1, 0, 0, 0, 1, -10, 0, -3.57143)

[node name="FiringRange_Floor_A7" parent="EndingPlatform/LoserPlatform" instance=ExtResource("7_wolu0")]
transform = Transform3D(1, 0, 0, 0, 1, 0, 0, 0, 1, -5, 0, -3.57143)

[node name="FiringRange_Floor_A8" parent="EndingPlatform/LoserPlatform" instance=ExtResource("7_wolu0")]
transform = Transform3D(1, 0, 0, 0, 1, 0, 0, 0, 1, 0, 0, -3.57143)

[node name="LoserPos" type="MeshInstance3D" parent="EndingPlatform/LoserPlatform"]
transform = Transform3D(0.8, 0, 0, 0, 0.8, 0, 0, 0, 0.8, -2.20392, 1.9093, -3.86128)
mesh = SubResource("SphereMesh_wolu0")
skeleton = NodePath("../FiringRange_Floor_A15")

[node name="LobbyPlatform" type="Node3D" parent="."]

[node name="FiringRange_Floor_A2" parent="LobbyPlatform" instance=ExtResource("7_wolu0")]
transform = Transform3D(5, 0, 0, 0, 5, 0, 0, 0, 5, -631.253, 139.212, -122.488)

[node name="FiringRange_Floor_A3" parent="LobbyPlatform" instance=ExtResource("7_wolu0")]
transform = Transform3D(5, 0, 0, 0, 5, 0, 0, 0, 5, -631.253, 148.51, -135.361)

[node name="TEAM_1_HQ" parent="LobbyPlatform" node_paths=PackedStringArray("HQArea", "InfantrySpawns") instance=ExtResource("1_u7cr0")]
transform = Transform3D(-1, 0, 8.74228e-08, 0, 1, 0, -8.74228e-08, 0, -1, -618.333, 139.212, -131.997)
AltTeam = 0
ObjId = 1
HQArea = NodePath("HQ_Team1")
InfantrySpawns = [NodePath("SpawnPoint_1_1"), NodePath("SpawnPoint_1_2"), NodePath("SpawnPoint_1_3"), NodePath("SpawnPoint_1_4")]

[node name="HQ_Team1" parent="LobbyPlatform/TEAM_1_HQ" instance=ExtResource("2_cjtf1")]
transform = Transform3D(1, 0, 0, 0, 1, 0, 0, 0, 1, 0, 5, 0)
points = PackedVector2Array(5, 5, 5, -5, -5, -5, -5, 5)

[node name="SpawnPoint_1_1" parent="LobbyPlatform/TEAM_1_HQ" instance=ExtResource("3_1xa2v")]
transform = Transform3D(0.999884, 0, -0.0152535, 0, 1, 0, 0.0152535, 0, 0.999884, 0, 0, -3)

[node name="SpawnPoint_1_2" parent="LobbyPlatform/TEAM_1_HQ" instance=ExtResource("3_1xa2v")]
transform = Transform3D(-0.9995, 0, -0.0316198, 0, 1, 0, 0.0316198, 0, -0.9995, 3, 0, 0)

[node name="SpawnPoint_1_3" parent="LobbyPlatform/TEAM_1_HQ" instance=ExtResource("3_1xa2v")]
transform = Transform3D(-0.0428871, 0, 0.99908, 0, 1, 0, -0.99908, 0, -0.0428871, -3, 0, 0)

[node name="SpawnPoint_1_4" parent="LobbyPlatform/TEAM_1_HQ" instance=ExtResource("3_1xa2v")]
transform = Transform3D(0.0841819, 0, -0.99645, 0, 1, 0, 0.99645, 0, 0.0841819, 0, 0, 3)

[node name="TEAM_2_HQ" parent="LobbyPlatform" node_paths=PackedStringArray("HQArea", "InfantrySpawns") instance=ExtResource("1_u7cr0")]
transform = Transform3D(-1, 0, 8.74228e-08, 0, 1, 0, -8.74228e-08, 0, -1, -618.333, 139.212, -131.997)
Team = 2
AltTeam = 0
ObjId = 2
HQArea = NodePath("HQ_Team2")
InfantrySpawns = [NodePath("SpawnPoint_2_1"), NodePath("SpawnPoint_2_2"), NodePath("SpawnPoint_2_3"), NodePath("SpawnPoint_2_4")]

[node name="HQ_Team2" parent="LobbyPlatform/TEAM_2_HQ" instance=ExtResource("2_cjtf1")]
transform = Transform3D(1, 0, 0, 0, 1, 0, 0, 0, 1, 0, 5, 0)
points = PackedVector2Array(5, 5, 5, -5, -5, -5, -5, 5)

[node name="SpawnPoint_2_1" parent="LobbyPlatform/TEAM_2_HQ" instance=ExtResource("3_1xa2v")]
transform = Transform3D(0.87795, 0, -0.478754, 0, 1, 0, 0.478754, 0, 0.87795, 0, 0, -3)

[node name="SpawnPoint_2_2" parent="LobbyPlatform/TEAM_2_HQ" instance=ExtResource("3_1xa2v")]
transform = Transform3D(-0.997604, 0, 0.0691822, 0, 1, 0, -0.0691822, 0, -0.997604, 3, 0, 0)

[node name="SpawnPoint_2_3" parent="LobbyPlatform/TEAM_2_HQ" instance=ExtResource("3_1xa2v")]
transform = Transform3D(0.162758, 0, 0.986666, 0, 1, 0, -0.986666, 0, 0.162758, -3, 0, 0)

[node name="SpawnPoint_2_4" parent="LobbyPlatform/TEAM_2_HQ" instance=ExtResource("3_1xa2v")]
transform = Transform3D(-0.165771, 0, -0.986164, 0, 1, 0, 0.986164, 0, -0.165771, 0, 0, 3)

[node name="TEAM_3_HQ" parent="LobbyPlatform" node_paths=PackedStringArray("HQArea", "InfantrySpawns") instance=ExtResource("1_u7cr0")]
transform = Transform3D(-1, 0, 8.74228e-08, 0, 1, 0, -8.74228e-08, 0, -1, -618.333, 139.212, -131.997)
Team = 3
AltTeam = 0
ObjId = 3
HQArea = NodePath("HQ_Team3")
InfantrySpawns = [NodePath("SpawnPoint_2_1"), NodePath("SpawnPoint_2_2"), NodePath("SpawnPoint_2_3"), NodePath("SpawnPoint_2_4")]

[node name="HQ_Team3" parent="LobbyPlatform/TEAM_3_HQ" instance=ExtResource("2_cjtf1")]
transform = Transform3D(1, 0, 0, 0, 1, 0, 0, 0, 1, 0, 5, 0)
points = PackedVector2Array(5, 5, 5, -5, -5, -5, -5, 5)

[node name="SpawnPoint_2_1" parent="LobbyPlatform/TEAM_3_HQ" instance=ExtResource("3_1xa2v")]
transform = Transform3D(0.87795, 0, -0.478754, 0, 1, 0, 0.478754, 0, 0.87795, 0, 0, -3)

[node name="SpawnPoint_2_2" parent="LobbyPlatform/TEAM_3_HQ" instance=ExtResource("3_1xa2v")]
transform = Transform3D(-0.997604, 0, 0.0691822, 0, 1, 0, -0.0691822, 0, -0.997604, 3, 0, 0)

[node name="SpawnPoint_2_3" parent="LobbyPlatform/TEAM_3_HQ" instance=ExtResource("3_1xa2v")]
transform = Transform3D(0.162758, 0, 0.986666, 0, 1, 0, -0.986666, 0, 0.162758, -3, 0, 0)

[node name="SpawnPoint_2_4" parent="LobbyPlatform/TEAM_3_HQ" instance=ExtResource("3_1xa2v")]
transform = Transform3D(-0.165771, 0, -0.986164, 0, 1, 0, 0.986164, 0, -0.165771, 0, 0, 3)

[node name="TEAM_4_HQ" parent="LobbyPlatform" node_paths=PackedStringArray("HQArea", "InfantrySpawns") instance=ExtResource("1_u7cr0")]
transform = Transform3D(-1, 0, 8.74228e-08, 0, 1, 0, -8.74228e-08, 0, -1, -618.333, 139.212, -131.997)
Team = 4
AltTeam = 0
ObjId = 4
HQArea = NodePath("HQ_Team3")
InfantrySpawns = [NodePath("SpawnPoint_2_1"), NodePath("SpawnPoint_2_2"), NodePath("SpawnPoint_2_3"), NodePath("SpawnPoint_2_4")]

[node name="HQ_Team3" parent="LobbyPlatform/TEAM_4_HQ" instance=ExtResource("2_cjtf1")]
transform = Transform3D(1, 0, 0, 0, 1, 0, 0, 0, 1, 0, 5, 0)
points = PackedVector2Array(5, 5, 5, -5, -5, -5, -5, 5)

[node name="SpawnPoint_2_1" parent="LobbyPlatform/TEAM_4_HQ" instance=ExtResource("3_1xa2v")]
transform = Transform3D(0.87795, 0, -0.478754, 0, 1, 0, 0.478754, 0, 0.87795, 0, 0, -3)

[node name="SpawnPoint_2_2" parent="LobbyPlatform/TEAM_4_HQ" instance=ExtResource("3_1xa2v")]
transform = Transform3D(-0.997604, 0, 0.0691822, 0, 1, 0, -0.0691822, 0, -0.997604, 3, 0, 0)

[node name="SpawnPoint_2_3" parent="LobbyPlatform/TEAM_4_HQ" instance=ExtResource("3_1xa2v")]
transform = Transform3D(0.162758, 0, 0.986666, 0, 1, 0, -0.986666, 0, 0.162758, -3, 0, 0)

[node name="SpawnPoint_2_4" parent="LobbyPlatform/TEAM_4_HQ" instance=ExtResource("3_1xa2v")]
transform = Transform3D(-0.165771, 0, -0.986164, 0, 1, 0, 0.986164, 0, -0.165771, 0, 0, 3)

[node name="TEAM_5_HQ" parent="LobbyPlatform" node_paths=PackedStringArray("HQArea", "InfantrySpawns") instance=ExtResource("1_u7cr0")]
transform = Transform3D(-1, 0, 8.74228e-08, 0, 1, 0, -8.74228e-08, 0, -1, -618.333, 139.212, -131.997)
Team = 5
AltTeam = 0
ObjId = 5
HQArea = NodePath("HQ_Team3")
InfantrySpawns = [NodePath("SpawnPoint_2_1"), NodePath("SpawnPoint_2_2"), NodePath("SpawnPoint_2_3"), NodePath("SpawnPoint_2_4")]

[node name="HQ_Team3" parent="LobbyPlatform/TEAM_5_HQ" instance=ExtResource("2_cjtf1")]
transform = Transform3D(1, 0, 0, 0, 1, 0, 0, 0, 1, 0, 5, 0)
points = PackedVector2Array(5, 5, 5, -5, -5, -5, -5, 5)

[node name="SpawnPoint_2_1" parent="LobbyPlatform/TEAM_5_HQ" instance=ExtResource("3_1xa2v")]
transform = Transform3D(0.87795, 0, -0.478754, 0, 1, 0, 0.478754, 0, 0.87795, 0, 0, -3)

[node name="SpawnPoint_2_2" parent="LobbyPlatform/TEAM_5_HQ" instance=ExtResource("3_1xa2v")]
transform = Transform3D(-0.997604, 0, 0.0691822, 0, 1, 0, -0.0691822, 0, -0.997604, 3, 0, 0)

[node name="SpawnPoint_2_3" parent="LobbyPlatform/TEAM_5_HQ" instance=ExtResource("3_1xa2v")]
transform = Transform3D(0.162758, 0, 0.986666, 0, 1, 0, -0.986666, 0, 0.162758, -3, 0, 0)

[node name="SpawnPoint_2_4" parent="LobbyPlatform/TEAM_5_HQ" instance=ExtResource("3_1xa2v")]
transform = Transform3D(-0.165771, 0, -0.986164, 0, 1, 0, 0.986164, 0, -0.165771, 0, 0, 3)

[node name="TEAM_6_HQ" parent="LobbyPlatform" node_paths=PackedStringArray("HQArea", "InfantrySpawns") instance=ExtResource("1_u7cr0")]
transform = Transform3D(-1, 0, 8.74228e-08, 0, 1, 0, -8.74228e-08, 0, -1, -618.333, 139.212, -131.997)
Team = 6
AltTeam = 0
ObjId = 6
HQArea = NodePath("HQ_Team3")
InfantrySpawns = [NodePath("SpawnPoint_2_1"), NodePath("SpawnPoint_2_2"), NodePath("SpawnPoint_2_3"), NodePath("SpawnPoint_2_4")]

[node name="HQ_Team3" parent="LobbyPlatform/TEAM_6_HQ" instance=ExtResource("2_cjtf1")]
transform = Transform3D(1, 0, 0, 0, 1, 0, 0, 0, 1, 0, 5, 0)
points = PackedVector2Array(5, 5, 5, -5, -5, -5, -5, 5)

[node name="SpawnPoint_2_1" parent="LobbyPlatform/TEAM_6_HQ" instance=ExtResource("3_1xa2v")]
transform = Transform3D(0.87795, 0, -0.478754, 0, 1, 0, 0.478754, 0, 0.87795, 0, 0, -3)

[node name="SpawnPoint_2_2" parent="LobbyPlatform/TEAM_6_HQ" instance=ExtResource("3_1xa2v")]
transform = Transform3D(-0.997604, 0, 0.0691822, 0, 1, 0, -0.0691822, 0, -0.997604, 3, 0, 0)

[node name="SpawnPoint_2_3" parent="LobbyPlatform/TEAM_6_HQ" instance=ExtResource("3_1xa2v")]
transform = Transform3D(0.162758, 0, 0.986666, 0, 1, 0, -0.986666, 0, 0.162758, -3, 0, 0)

[node name="SpawnPoint_2_4" parent="LobbyPlatform/TEAM_6_HQ" instance=ExtResource("3_1xa2v")]
transform = Transform3D(-0.165771, 0, -0.986164, 0, 1, 0, 0.986164, 0, -0.165771, 0, 0, 3)

[node name="TEAM_7_HQ" parent="LobbyPlatform" node_paths=PackedStringArray("HQArea", "InfantrySpawns") instance=ExtResource("1_u7cr0")]
transform = Transform3D(-1, 0, 8.74228e-08, 0, 1, 0, -8.74228e-08, 0, -1, -618.333, 139.212, -131.997)
Team = 7
AltTeam = 0
ObjId = 7
HQArea = NodePath("HQ_Team3")
InfantrySpawns = [NodePath("SpawnPoint_2_1"), NodePath("SpawnPoint_2_2"), NodePath("SpawnPoint_2_3"), NodePath("SpawnPoint_2_4")]

[node name="HQ_Team3" parent="LobbyPlatform/TEAM_7_HQ" instance=ExtResource("2_cjtf1")]
transform = Transform3D(1, 0, 0, 0, 1, 0, 0, 0, 1, 0, 5, 0)
points = PackedVector2Array(5, 5, 5, -5, -5, -5, -5, 5)

[node name="SpawnPoint_2_1" parent="LobbyPlatform/TEAM_7_HQ" instance=ExtResource("3_1xa2v")]
transform = Transform3D(0.87795, 0, -0.478754, 0, 1, 0, 0.478754, 0, 0.87795, 0, 0, -3)

[node name="SpawnPoint_2_2" parent="LobbyPlatform/TEAM_7_HQ" instance=ExtResource("3_1xa2v")]
transform = Transform3D(-0.997604, 0, 0.0691822, 0, 1, 0, -0.0691822, 0, -0.997604, 3, 0, 0)

[node name="SpawnPoint_2_3" parent="LobbyPlatform/TEAM_7_HQ" instance=ExtResource("3_1xa2v")]
transform = Transform3D(0.162758, 0, 0.986666, 0, 1, 0, -0.986666, 0, 0.162758, -3, 0, 0)

[node name="SpawnPoint_2_4" parent="LobbyPlatform/TEAM_7_HQ" instance=ExtResource("3_1xa2v")]
transform = Transform3D(-0.165771, 0, -0.986164, 0, 1, 0, 0.986164, 0, -0.165771, 0, 0, 3)

[node name="TEAM_8_HQ" parent="LobbyPlatform" node_paths=PackedStringArray("HQArea", "InfantrySpawns") instance=ExtResource("1_u7cr0")]
transform = Transform3D(-1, 0, 8.74228e-08, 0, 1, 0, -8.74228e-08, 0, -1, -618.333, 139.212, -131.997)
Team = 8
AltTeam = 0
ObjId = 8
HQArea = NodePath("HQ_Team3")
InfantrySpawns = [NodePath("SpawnPoint_2_1"), NodePath("SpawnPoint_2_2"), NodePath("SpawnPoint_2_3"), NodePath("SpawnPoint_2_4")]

[node name="HQ_Team3" parent="LobbyPlatform/TEAM_8_HQ" instance=ExtResource("2_cjtf1")]
transform = Transform3D(1, 0, 0, 0, 1, 0, 0, 0, 1, 0, 5, 0)
points = PackedVector2Array(5, 5, 5, -5, -5, -5, -5, 5)

[node name="SpawnPoint_2_1" parent="LobbyPlatform/TEAM_8_HQ" instance=ExtResource("3_1xa2v")]
transform = Transform3D(0.87795, 0, -0.478754, 0, 1, 0, 0.478754, 0, 0.87795, 0, 0, -3)

[node name="SpawnPoint_2_2" parent="LobbyPlatform/TEAM_8_HQ" instance=ExtResource("3_1xa2v")]
transform = Transform3D(-0.997604, 0, 0.0691822, 0, 1, 0, -0.0691822, 0, -0.997604, 3, 0, 0)

[node name="SpawnPoint_2_3" parent="LobbyPlatform/TEAM_8_HQ" instance=ExtResource("3_1xa2v")]
transform = Transform3D(0.162758, 0, 0.986666, 0, 1, 0, -0.986666, 0, 0.162758, -3, 0, 0)

[node name="SpawnPoint_2_4" parent="LobbyPlatform/TEAM_8_HQ" instance=ExtResource("3_1xa2v")]
transform = Transform3D(-0.165771, 0, -0.986164, 0, 1, 0, 0.986164, 0, -0.165771, 0, 0, 3)

[node name="TEAM_9_HQ" parent="LobbyPlatform" node_paths=PackedStringArray("HQArea", "InfantrySpawns") instance=ExtResource("1_u7cr0")]
transform = Transform3D(-1, 0, 8.74228e-08, 0, 1, 0, -8.74228e-08, 0, -1, -618.333, 139.212, -131.997)
Team = 9
AltTeam = 0
ObjId = 9
HQArea = NodePath("HQ_Team3")
InfantrySpawns = [NodePath("SpawnPoint_2_1"), NodePath("SpawnPoint_2_2"), NodePath("SpawnPoint_2_3"), NodePath("SpawnPoint_2_4")]

[node name="HQ_Team3" parent="LobbyPlatform/TEAM_9_HQ" instance=ExtResource("2_cjtf1")]
transform = Transform3D(1, 0, 0, 0, 1, 0, 0, 0, 1, 0, 5, 0)
points = PackedVector2Array(5, 5, 5, -5, -5, -5, -5, 5)

[node name="SpawnPoint_2_1" parent="LobbyPlatform/TEAM_9_HQ" instance=ExtResource("3_1xa2v")]
transform = Transform3D(0.87795, 0, -0.478754, 0, 1, 0, 0.478754, 0, 0.87795, 0, 0, -3)

[node name="SpawnPoint_2_2" parent="LobbyPlatform/TEAM_9_HQ" instance=ExtResource("3_1xa2v")]
transform = Transform3D(-0.997604, 0, 0.0691822, 0, 1, 0, -0.0691822, 0, -0.997604, 3, 0, 0)

[node name="SpawnPoint_2_3" parent="LobbyPlatform/TEAM_9_HQ" instance=ExtResource("3_1xa2v")]
transform = Transform3D(0.162758, 0, 0.986666, 0, 1, 0, -0.986666, 0, 0.162758, -3, 0, 0)

[node name="SpawnPoint_2_4" parent="LobbyPlatform/TEAM_9_HQ" instance=ExtResource("3_1xa2v")]
transform = Transform3D(-0.165771, 0, -0.986164, 0, 1, 0, 0.986164, 0, -0.165771, 0, 0, 3)

[node name="TEAM_9_HQ2" parent="LobbyPlatform" node_paths=PackedStringArray("HQArea", "InfantrySpawns") instance=ExtResource("1_u7cr0")]
transform = Transform3D(-1, 0, 8.74228e-08, 0, 1, 0, -8.74228e-08, 0, -1, -618.333, 139.212, -131.997)
Team = 10
AltTeam = 0
ObjId = 10
HQArea = NodePath("HQ_Team3")
InfantrySpawns = [NodePath("SpawnPoint_2_1"), NodePath("SpawnPoint_2_2"), NodePath("SpawnPoint_2_3"), NodePath("SpawnPoint_2_4")]

[node name="HQ_Team3" parent="LobbyPlatform/TEAM_9_HQ2" instance=ExtResource("2_cjtf1")]
transform = Transform3D(1, 0, 0, 0, 1, 0, 0, 0, 1, 0, 5, 0)
points = PackedVector2Array(5, 5, 5, -5, -5, -5, -5, 5)

[node name="SpawnPoint_2_1" parent="LobbyPlatform/TEAM_9_HQ2" instance=ExtResource("3_1xa2v")]
transform = Transform3D(0.87795, 0, -0.478754, 0, 1, 0, 0.478754, 0, 0.87795, 0, 0, -3)

[node name="SpawnPoint_2_2" parent="LobbyPlatform/TEAM_9_HQ2" instance=ExtResource("3_1xa2v")]
transform = Transform3D(-0.997604, 0, 0.0691822, 0, 1, 0, -0.0691822, 0, -0.997604, 3, 0, 0)

[node name="SpawnPoint_2_3" parent="LobbyPlatform/TEAM_9_HQ2" instance=ExtResource("3_1xa2v")]
transform = Transform3D(0.162758, 0, 0.986666, 0, 1, 0, -0.986666, 0, 0.162758, -3, 0, 0)

[node name="SpawnPoint_2_4" parent="LobbyPlatform/TEAM_9_HQ2" instance=ExtResource("3_1xa2v")]
transform = Transform3D(-0.165771, 0, -0.986164, 0, 1, 0, 0.986164, 0, -0.165771, 0, 0, 3)

[node name="TEAM_9_HQ3" parent="LobbyPlatform" node_paths=PackedStringArray("HQArea", "InfantrySpawns") instance=ExtResource("1_u7cr0")]
transform = Transform3D(-1, 0, 8.74228e-08, 0, 1, 0, -8.74228e-08, 0, -1, -618.333, 139.212, -131.997)
Team = 11
AltTeam = 0
ObjId = 11
HQArea = NodePath("HQ_Team3")
InfantrySpawns = [NodePath("SpawnPoint_2_1"), NodePath("SpawnPoint_2_2"), NodePath("SpawnPoint_2_3"), NodePath("SpawnPoint_2_4")]

[node name="HQ_Team3" parent="LobbyPlatform/TEAM_9_HQ3" instance=ExtResource("2_cjtf1")]
transform = Transform3D(1, 0, 0, 0, 1, 0, 0, 0, 1, 0, 5, 0)
points = PackedVector2Array(5, 5, 5, -5, -5, -5, -5, 5)

[node name="SpawnPoint_2_1" parent="LobbyPlatform/TEAM_9_HQ3" instance=ExtResource("3_1xa2v")]
transform = Transform3D(0.87795, 0, -0.478754, 0, 1, 0, 0.478754, 0, 0.87795, 0, 0, -3)

[node name="SpawnPoint_2_2" parent="LobbyPlatform/TEAM_9_HQ3" instance=ExtResource("3_1xa2v")]
transform = Transform3D(-0.997604, 0, 0.0691822, 0, 1, 0, -0.0691822, 0, -0.997604, 3, 0, 0)

[node name="SpawnPoint_2_3" parent="LobbyPlatform/TEAM_9_HQ3" instance=ExtResource("3_1xa2v")]
transform = Transform3D(0.162758, 0, 0.986666, 0, 1, 0, -0.986666, 0, 0.162758, -3, 0, 0)

[node name="SpawnPoint_2_4" parent="LobbyPlatform/TEAM_9_HQ3" instance=ExtResource("3_1xa2v")]
transform = Transform3D(-0.165771, 0, -0.986164, 0, 1, 0, 0.986164, 0, -0.165771, 0, 0, 3)

[node name="TEAM_9_HQ4" parent="LobbyPlatform" node_paths=PackedStringArray("HQArea", "InfantrySpawns") instance=ExtResource("1_u7cr0")]
transform = Transform3D(-1, 0, 8.74228e-08, 0, 1, 0, -8.74228e-08, 0, -1, -618.333, 139.212, -131.997)
Team = 12
AltTeam = 0
ObjId = 12
HQArea = NodePath("HQ_Team3")
InfantrySpawns = [NodePath("SpawnPoint_2_1"), NodePath("SpawnPoint_2_2"), NodePath("SpawnPoint_2_3"), NodePath("SpawnPoint_2_4")]

[node name="HQ_Team3" parent="LobbyPlatform/TEAM_9_HQ4" instance=ExtResource("2_cjtf1")]
transform = Transform3D(1, 0, 0, 0, 1, 0, 0, 0, 1, 0, 5, 0)
points = PackedVector2Array(5, 5, 5, -5, -5, -5, -5, 5)

[node name="SpawnPoint_2_1" parent="LobbyPlatform/TEAM_9_HQ4" instance=ExtResource("3_1xa2v")]
transform = Transform3D(0.87795, 0, -0.478754, 0, 1, 0, 0.478754, 0, 0.87795, 0, 0, -3)

[node name="SpawnPoint_2_2" parent="LobbyPlatform/TEAM_9_HQ4" instance=ExtResource("3_1xa2v")]
transform = Transform3D(-0.997604, 0, 0.0691822, 0, 1, 0, -0.0691822, 0, -0.997604, 3, 0, 0)

[node name="SpawnPoint_2_3" parent="LobbyPlatform/TEAM_9_HQ4" instance=ExtResource("3_1xa2v")]
transform = Transform3D(0.162758, 0, 0.986666, 0, 1, 0, -0.986666, 0, 0.162758, -3, 0, 0)

[node name="SpawnPoint_2_4" parent="LobbyPlatform/TEAM_9_HQ4" instance=ExtResource("3_1xa2v")]
transform = Transform3D(-0.165771, 0, -0.986164, 0, 1, 0, 0.986164, 0, -0.165771, 0, 0, 3)

[node name="TEAM_9_HQ5" parent="LobbyPlatform" node_paths=PackedStringArray("HQArea", "InfantrySpawns") instance=ExtResource("1_u7cr0")]
transform = Transform3D(-1, 0, 8.74228e-08, 0, 1, 0, -8.74228e-08, 0, -1, -618.333, 139.212, -131.997)
Team = 13
AltTeam = 0
ObjId = 13
HQArea = NodePath("HQ_Team3")
InfantrySpawns = [NodePath("SpawnPoint_2_1"), NodePath("SpawnPoint_2_2"), NodePath("SpawnPoint_2_3"), NodePath("SpawnPoint_2_4")]

[node name="HQ_Team3" parent="LobbyPlatform/TEAM_9_HQ5" instance=ExtResource("2_cjtf1")]
transform = Transform3D(1, 0, 0, 0, 1, 0, 0, 0, 1, 0, 5, 0)
points = PackedVector2Array(5, 5, 5, -5, -5, -5, -5, 5)

[node name="SpawnPoint_2_1" parent="LobbyPlatform/TEAM_9_HQ5" instance=ExtResource("3_1xa2v")]
transform = Transform3D(0.87795, 0, -0.478754, 0, 1, 0, 0.478754, 0, 0.87795, 0, 0, -3)

[node name="SpawnPoint_2_2" parent="LobbyPlatform/TEAM_9_HQ5" instance=ExtResource("3_1xa2v")]
transform = Transform3D(-0.997604, 0, 0.0691822, 0, 1, 0, -0.0691822, 0, -0.997604, 3, 0, 0)

[node name="SpawnPoint_2_3" parent="LobbyPlatform/TEAM_9_HQ5" instance=ExtResource("3_1xa2v")]
transform = Transform3D(0.162758, 0, 0.986666, 0, 1, 0, -0.986666, 0, 0.162758, -3, 0, 0)

[node name="SpawnPoint_2_4" parent="LobbyPlatform/TEAM_9_HQ5" instance=ExtResource("3_1xa2v")]
transform = Transform3D(-0.165771, 0, -0.986164, 0, 1, 0, 0.986164, 0, -0.165771, 0, 0, 3)

[node name="TEAM_9_HQ6" parent="LobbyPlatform" node_paths=PackedStringArray("HQArea", "InfantrySpawns") instance=ExtResource("1_u7cr0")]
transform = Transform3D(-1, 0, 8.74228e-08, 0, 1, 0, -8.74228e-08, 0, -1, -618.333, 139.212, -131.997)
Team = 14
AltTeam = 0
ObjId = 14
HQArea = NodePath("HQ_Team3")
InfantrySpawns = [NodePath("SpawnPoint_2_1"), NodePath("SpawnPoint_2_2"), NodePath("SpawnPoint_2_3"), NodePath("SpawnPoint_2_4")]

[node name="HQ_Team3" parent="LobbyPlatform/TEAM_9_HQ6" instance=ExtResource("2_cjtf1")]
transform = Transform3D(1, 0, 0, 0, 1, 0, 0, 0, 1, 0, 5, 0)
points = PackedVector2Array(5, 5, 5, -5, -5, -5, -5, 5)

[node name="SpawnPoint_2_1" parent="LobbyPlatform/TEAM_9_HQ6" instance=ExtResource("3_1xa2v")]
transform = Transform3D(0.87795, 0, -0.478754, 0, 1, 0, 0.478754, 0, 0.87795, 0, 0, -3)

[node name="SpawnPoint_2_2" parent="LobbyPlatform/TEAM_9_HQ6" instance=ExtResource("3_1xa2v")]
transform = Transform3D(-0.997604, 0, 0.0691822, 0, 1, 0, -0.0691822, 0, -0.997604, 3, 0, 0)

[node name="SpawnPoint_2_3" parent="LobbyPlatform/TEAM_9_HQ6" instance=ExtResource("3_1xa2v")]
transform = Transform3D(0.162758, 0, 0.986666, 0, 1, 0, -0.986666, 0, 0.162758, -3, 0, 0)

[node name="SpawnPoint_2_4" parent="LobbyPlatform/TEAM_9_HQ6" instance=ExtResource("3_1xa2v")]
transform = Transform3D(-0.165771, 0, -0.986164, 0, 1, 0, 0.986164, 0, -0.165771, 0, 0, 3)

[node name="TEAM_9_HQ7" parent="LobbyPlatform" node_paths=PackedStringArray("HQArea", "InfantrySpawns") instance=ExtResource("1_u7cr0")]
transform = Transform3D(-1, 0, 8.74228e-08, 0, 1, 0, -8.74228e-08, 0, -1, -618.333, 139.212, -131.997)
Team = 15
AltTeam = 0
ObjId = 15
HQArea = NodePath("HQ_Team3")
InfantrySpawns = [NodePath("SpawnPoint_2_1"), NodePath("SpawnPoint_2_2"), NodePath("SpawnPoint_2_3"), NodePath("SpawnPoint_2_4")]

[node name="HQ_Team3" parent="LobbyPlatform/TEAM_9_HQ7" instance=ExtResource("2_cjtf1")]
transform = Transform3D(1, 0, 0, 0, 1, 0, 0, 0, 1, 0, 5, 0)
points = PackedVector2Array(5, 5, 5, -5, -5, -5, -5, 5)

[node name="SpawnPoint_2_1" parent="LobbyPlatform/TEAM_9_HQ7" instance=ExtResource("3_1xa2v")]
transform = Transform3D(0.87795, 0, -0.478754, 0, 1, 0, 0.478754, 0, 0.87795, 0, 0, -3)

[node name="SpawnPoint_2_2" parent="LobbyPlatform/TEAM_9_HQ7" instance=ExtResource("3_1xa2v")]
transform = Transform3D(-0.997604, 0, 0.0691822, 0, 1, 0, -0.0691822, 0, -0.997604, 3, 0, 0)

[node name="SpawnPoint_2_3" parent="LobbyPlatform/TEAM_9_HQ7" instance=ExtResource("3_1xa2v")]
transform = Transform3D(0.162758, 0, 0.986666, 0, 1, 0, -0.986666, 0, 0.162758, -3, 0, 0)

[node name="SpawnPoint_2_4" parent="LobbyPlatform/TEAM_9_HQ7" instance=ExtResource("3_1xa2v")]
transform = Transform3D(-0.165771, 0, -0.986164, 0, 1, 0, 0.986164, 0, -0.165771, 0, 0, 3)

[node name="TEAM_9_HQ8" parent="LobbyPlatform" node_paths=PackedStringArray("HQArea", "InfantrySpawns") instance=ExtResource("1_u7cr0")]
transform = Transform3D(-1, 0, 8.74228e-08, 0, 1, 0, -8.74228e-08, 0, -1, -618.333, 139.212, -131.997)
Team = 16
AltTeam = 0
ObjId = 16
HQArea = NodePath("HQ_Team3")
InfantrySpawns = [NodePath("SpawnPoint_2_1"), NodePath("SpawnPoint_2_2"), NodePath("SpawnPoint_2_3"), NodePath("SpawnPoint_2_4")]

[node name="HQ_Team3" parent="LobbyPlatform/TEAM_9_HQ8" instance=ExtResource("2_cjtf1")]
transform = Transform3D(1, 0, 0, 0, 1, 0, 0, 0, 1, 0, 5, 0)
points = PackedVector2Array(5, 5, 5, -5, -5, -5, -5, 5)

[node name="SpawnPoint_2_1" parent="LobbyPlatform/TEAM_9_HQ8" instance=ExtResource("3_1xa2v")]
transform = Transform3D(0.87795, 0, -0.478754, 0, 1, 0, 0.478754, 0, 0.87795, 0, 0, -3)

[node name="SpawnPoint_2_2" parent="LobbyPlatform/TEAM_9_HQ8" instance=ExtResource("3_1xa2v")]
transform = Transform3D(-0.997604, 0, 0.0691822, 0, 1, 0, -0.0691822, 0, -0.997604, 3, 0, 0)

[node name="SpawnPoint_2_3" parent="LobbyPlatform/TEAM_9_HQ8" instance=ExtResource("3_1xa2v")]
transform = Transform3D(0.162758, 0, 0.986666, 0, 1, 0, -0.986666, 0, 0.162758, -3, 0, 0)

[node name="SpawnPoint_2_4" parent="LobbyPlatform/TEAM_9_HQ8" instance=ExtResource("3_1xa2v")]
transform = Transform3D(-0.165771, 0, -0.986164, 0, 1, 0, 0.986164, 0, -0.165771, 0, 0, 3)

[node name="TEAM_9_HQ9" parent="LobbyPlatform" node_paths=PackedStringArray("HQArea", "InfantrySpawns") instance=ExtResource("1_u7cr0")]
transform = Transform3D(-1, 0, 8.74228e-08, 0, 1, 0, -8.74228e-08, 0, -1, -618.333, 139.212, -131.997)
Team = 17
AltTeam = 0
ObjId = 17
HQArea = NodePath("HQ_Team3")
InfantrySpawns = [NodePath("SpawnPoint_2_1"), NodePath("SpawnPoint_2_2"), NodePath("SpawnPoint_2_3"), NodePath("SpawnPoint_2_4")]

[node name="HQ_Team3" parent="LobbyPlatform/TEAM_9_HQ9" instance=ExtResource("2_cjtf1")]
transform = Transform3D(1, 0, 0, 0, 1, 0, 0, 0, 1, 0, 5, 0)
points = PackedVector2Array(5, 5, 5, -5, -5, -5, -5, 5)

[node name="SpawnPoint_2_1" parent="LobbyPlatform/TEAM_9_HQ9" instance=ExtResource("3_1xa2v")]
transform = Transform3D(0.87795, 0, -0.478754, 0, 1, 0, 0.478754, 0, 0.87795, 0, 0, -3)

[node name="SpawnPoint_2_2" parent="LobbyPlatform/TEAM_9_HQ9" instance=ExtResource("3_1xa2v")]
transform = Transform3D(-0.997604, 0, 0.0691822, 0, 1, 0, -0.0691822, 0, -0.997604, 3, 0, 0)

[node name="SpawnPoint_2_3" parent="LobbyPlatform/TEAM_9_HQ9" instance=ExtResource("3_1xa2v")]
transform = Transform3D(0.162758, 0, 0.986666, 0, 1, 0, -0.986666, 0, 0.162758, -3, 0, 0)

[node name="SpawnPoint_2_4" parent="LobbyPlatform/TEAM_9_HQ9" instance=ExtResource("3_1xa2v")]
transform = Transform3D(-0.165771, 0, -0.986164, 0, 1, 0, 0.986164, 0, -0.165771, 0, 0, 3)

[node name="TEAM_9_HQ10" parent="LobbyPlatform" node_paths=PackedStringArray("HQArea", "InfantrySpawns") instance=ExtResource("1_u7cr0")]
transform = Transform3D(-1, 0, 8.74228e-08, 0, 1, 0, -8.74228e-08, 0, -1, -618.333, 139.212, -131.997)
Team = 18
AltTeam = 0
ObjId = 18
HQArea = NodePath("HQ_Team3")
InfantrySpawns = [NodePath("SpawnPoint_2_1"), NodePath("SpawnPoint_2_2"), NodePath("SpawnPoint_2_3"), NodePath("SpawnPoint_2_4")]

[node name="HQ_Team3" parent="LobbyPlatform/TEAM_9_HQ10" instance=ExtResource("2_cjtf1")]
transform = Transform3D(1, 0, 0, 0, 1, 0, 0, 0, 1, 0, 5, 0)
points = PackedVector2Array(5, 5, 5, -5, -5, -5, -5, 5)

[node name="SpawnPoint_2_1" parent="LobbyPlatform/TEAM_9_HQ10" instance=ExtResource("3_1xa2v")]
transform = Transform3D(0.87795, 0, -0.478754, 0, 1, 0, 0.478754, 0, 0.87795, 0, 0, -3)

[node name="SpawnPoint_2_2" parent="LobbyPlatform/TEAM_9_HQ10" instance=ExtResource("3_1xa2v")]
transform = Transform3D(-0.997604, 0, 0.0691822, 0, 1, 0, -0.0691822, 0, -0.997604, 3, 0, 0)

[node name="SpawnPoint_2_3" parent="LobbyPlatform/TEAM_9_HQ10" instance=ExtResource("3_1xa2v")]
transform = Transform3D(0.162758, 0, 0.986666, 0, 1, 0, -0.986666, 0, 0.162758, -3, 0, 0)

[node name="SpawnPoint_2_4" parent="LobbyPlatform/TEAM_9_HQ10" instance=ExtResource("3_1xa2v")]
transform = Transform3D(-0.165771, 0, -0.986164, 0, 1, 0, 0.986164, 0, -0.165771, 0, 0, 3)

[node name="TEAM_9_HQ11" parent="LobbyPlatform" node_paths=PackedStringArray("HQArea", "InfantrySpawns") instance=ExtResource("1_u7cr0")]
transform = Transform3D(-1, 0, 8.74228e-08, 0, 1, 0, -8.74228e-08, 0, -1, -618.333, 139.212, -131.997)
Team = 19
AltTeam = 0
ObjId = 19
HQArea = NodePath("HQ_Team3")
InfantrySpawns = [NodePath("SpawnPoint_2_1"), NodePath("SpawnPoint_2_2"), NodePath("SpawnPoint_2_3"), NodePath("SpawnPoint_2_4")]

[node name="HQ_Team3" parent="LobbyPlatform/TEAM_9_HQ11" instance=ExtResource("2_cjtf1")]
transform = Transform3D(1, 0, 0, 0, 1, 0, 0, 0, 1, 0, 5, 0)
points = PackedVector2Array(5, 5, 5, -5, -5, -5, -5, 5)

[node name="SpawnPoint_2_1" parent="LobbyPlatform/TEAM_9_HQ11" instance=ExtResource("3_1xa2v")]
transform = Transform3D(0.87795, 0, -0.478754, 0, 1, 0, 0.478754, 0, 0.87795, 0, 0, -3)

[node name="SpawnPoint_2_2" parent="LobbyPlatform/TEAM_9_HQ11" instance=ExtResource("3_1xa2v")]
transform = Transform3D(-0.997604, 0, 0.0691822, 0, 1, 0, -0.0691822, 0, -0.997604, 3, 0, 0)

[node name="SpawnPoint_2_3" parent="LobbyPlatform/TEAM_9_HQ11" instance=ExtResource("3_1xa2v")]
transform = Transform3D(0.162758, 0, 0.986666, 0, 1, 0, -0.986666, 0, 0.162758, -3, 0, 0)

[node name="SpawnPoint_2_4" parent="LobbyPlatform/TEAM_9_HQ11" instance=ExtResource("3_1xa2v")]
