[gd_scene load_steps=23 format=3 uid="uid://qj8qy078oncc"]

[ext_resource type="PackedScene" path="res://objects/gameplay/common/HQ_PlayerSpawner.tscn" id="1_hjvsx"]
[ext_resource type="PackedScene" path="res://objects/entities/SpawnPoint.tscn" id="3_le20g"]
[ext_resource type="PackedScene" path="res://objects/gameplay/common/CombatArea.tscn" id="4_m0rlr"]
[ext_resource type="PackedScene" path="res://objects/gameplay/common/DeployCam.tscn" id="5_kl2j8"]
[ext_resource type="PackedScene" path="res://static/MP_Battery_Terrain.tscn" id="6_4i28k"]
[ext_resource type="Script" uid="uid://ck5uniw0pl6u8" path="res://addons/bf_portal/portal_tools/types/PolygonVolume/PolygonVolume.gd" id="7_lk4jv"]
[ext_resource type="PackedScene" path="res://static/MP_Battery_Assets.tscn" id="7_tdkpy"]
[ext_resource type="PackedScene" path="res://objects/gameplay/common/AreaTrigger.tscn" id="9_ixrb5"]
[ext_resource type="PackedScene" path="res://objects/gameplay/ai/AI_Spawner.tscn" id="10_robpt"]
[ext_resource type="PackedScene" path="res://objects/gameplay/common/WorldIcon.tscn" id="11_qprlo"]
[ext_resource type="PackedScene" path="res://objects/gameplay/common/AreaTrigger.tscn" id="12_aioem"]
[ext_resource type="PackedScene" path="res://objects/architecture/FiringRange_Floor_02.tscn" id="13_lk4jv"]
[ext_resource type="PackedScene" path="res://objects/gameplay/common/VehicleSpawner.tscn" id="13_wvte2"]
[ext_resource type="PackedScene" path="res://objects/props/BarrierStoneBlock_01_G.tscn" id="14_ixrb5"]
[ext_resource type="PackedScene" path="res://objects/architecture/HighwayOverpass_Bridge_04.tscn" id="17_aioem"]
[ext_resource type="PackedScene" path="res://objects/props/HighwaySignage_04.tscn" id="19_qce52"]
[ext_resource type="PackedScene" path="res://objects/props/PlanterConcrete_01_256.tscn" id="22_rebqq"]

[sub_resource type="StandardMaterial3D" id="StandardMaterial3D_n180x"]
transparency = 1
no_depth_test = true
albedo_color = Color(0.0588235, 0.341176, 1, 0.447059)
metallic_specular = 1.0
emission_enabled = true
emission = Color(0, 0.393591, 0.831216, 1)
emission_energy_multiplier = 1.2

[sub_resource type="SphereMesh" id="SphereMesh_v302a"]
material = SubResource("StandardMaterial3D_n180x")
radius = 30.0
height = 60.0

[sub_resource type="StandardMaterial3D" id="StandardMaterial3D_1pjol"]
albedo_color = Color(3.46541e-06, 0.782368, 0.299319, 1)

[sub_resource type="SphereMesh" id="SphereMesh_aobhe"]
material = SubResource("StandardMaterial3D_1pjol")
radius = 10.0
height = 20.0

[sub_resource type="SphereMesh" id="SphereMesh_xd4l2"]

[node name="MP_Battery" type="Node3D"]

[node name="Static" type="Node3D" parent="."]

[node name="MP_Battery_Terrain" parent="Static" instance=ExtResource("6_4i28k")]
metadata/_edit_lock_ = true

[node name="MP_Battery_Assets" parent="Static" instance=ExtResource("7_tdkpy")]
metadata/_edit_lock_ = true

[node name="CombatArea" parent="." node_paths=PackedStringArray("CombatVolume") instance=ExtResource("4_m0rlr")]
transform = Transform3D(1, 0, 0, 0, 1, 0, 0, 0, 1, 1458.32, -9.88263, 0)
CombatVolume = NodePath("CombatVolume")

[node name="CombatVolume" type="Node3D" parent="CombatArea"]
transform = Transform3D(1, 0, 0, 0, 1, 0, 0, 0, 1, -0.0534668, 0.307533, -0.0622864)
script = ExtResource("7_lk4jv")
points = PackedVector2Array(-1042.66, 545.304, -1048.34, -180.334, -296.331, -187.097, -311.12, 521.194)
height = 300.0
color = Color(0, 0.6, 0.7, 0.42)
metadata/_custom_type_script = "uid://ck5uniw0pl6u8"

[node name="Camera3D" type="Camera3D" parent="."]
transform = Transform3D(1, 0, 0, 0, 0.101056, 0.994881, 0, -0.994881, 0.101056, 747.458, 373.711, 132.759)

[node name="DeployCam" parent="Camera3D" instance=ExtResource("5_kl2j8")]

[node name="Team_Stuff" type="Node3D" parent="."]
transform = Transform3D(1, 0, 0, 0, 1, 0, 0, 0, 1, 737.003, 19.9963, 330.154)

[node name="TEAM_1_HQ" parent="Team_Stuff" node_paths=PackedStringArray("InfantrySpawns") instance=ExtResource("1_hjvsx")]
transform = Transform3D(1, 0, 0, 0, 1, 0, 0, 0, 1, -68.5002, 50.8006, -205.918)
AltTeam = 0
ObjId = 1
InfantrySpawns = [NodePath("SpawnPoint_1_1"), NodePath("SpawnPoint_1_2"), NodePath("SpawnPoint_1_3"), NodePath("SpawnPoint_1_4")]

[node name="HQ_Team1" type="CollisionPolygon3D" parent="Team_Stuff/TEAM_1_HQ"]
transform = Transform3D(1, 0, 1.78814e-07, 0, 1, 0, -1.78814e-07, 0, 1, 0, 5, 0)
polygon = PackedVector2Array(5, 5, 5, -5, -5, -5, -5, 5)
margin = 0.001
script = ExtResource("7_lk4jv")
points = PackedVector2Array(-5, -5, -5, 5, 5, 5, 5, -5)
color = Color(0, 0.6, 0.7, 0.42)

[node name="SpawnPoint_1_1" parent="Team_Stuff/TEAM_1_HQ" instance=ExtResource("3_le20g")]
transform = Transform3D(0.999884, 0, -0.0152535, 0, 1, 0, 0.0152535, 0, 0.999884, 0, 0, -3)

[node name="SpawnPoint_1_2" parent="Team_Stuff/TEAM_1_HQ" instance=ExtResource("3_le20g")]
transform = Transform3D(-0.9995, 0, -0.0316198, 0, 1, 0, 0.0316198, 0, -0.9995, 3, 0, 0)

[node name="SpawnPoint_1_3" parent="Team_Stuff/TEAM_1_HQ" instance=ExtResource("3_le20g")]
transform = Transform3D(-0.0428871, 0, 0.99908, 0, 1, 0, -0.99908, 0, -0.0428871, -3, 0, 0)

[node name="SpawnPoint_1_4" parent="Team_Stuff/TEAM_1_HQ" instance=ExtResource("3_le20g")]
transform = Transform3D(0.0841819, 0, -0.99645, 0, 1, 0, 0.99645, 0, 0.0841819, 0, 0, 3)

[node name="TEAM_2_HQ" parent="Team_Stuff" node_paths=PackedStringArray("InfantrySpawns") instance=ExtResource("1_hjvsx")]
transform = Transform3D(1, 0, 0, 0, 1, 0, 0, 0, 1, -277.026, 59.3087, -95.131)
Team = 2
AltTeam = 0
ObjId = 2
InfantrySpawns = [NodePath("SpawnPoint_2_1"), NodePath("SpawnPoint_2_2"), NodePath("SpawnPoint_2_3"), NodePath("SpawnPoint_2_4")]

[node name="HQ_Team2" type="CollisionPolygon3D" parent="Team_Stuff/TEAM_2_HQ"]
transform = Transform3D(1, 0, 2.38419e-07, 0, 1, 0, -2.38419e-07, 0, 1, 0, 5, 0)
polygon = PackedVector2Array(5, 5, 5, -5, -5, -5, -5, 5)
margin = 0.001
script = ExtResource("7_lk4jv")
points = PackedVector2Array(-5, -5, -5, 5, 5, 5, 5, -5)
color = Color(0, 0.6, 0.7, 0.42)

[node name="SpawnPoint_2_1" parent="Team_Stuff/TEAM_2_HQ" instance=ExtResource("3_le20g")]
transform = Transform3D(0.87795, 0, -0.478754, 0, 1, 0, 0.478754, 0, 0.87795, 0, 0, -3)

[node name="SpawnPoint_2_2" parent="Team_Stuff/TEAM_2_HQ" instance=ExtResource("3_le20g")]
transform = Transform3D(-0.997604, 0, 0.0691822, 0, 1, 0, -0.0691822, 0, -0.997604, 3, 0, 0)

[node name="SpawnPoint_2_3" parent="Team_Stuff/TEAM_2_HQ" instance=ExtResource("3_le20g")]
transform = Transform3D(0.162758, 0, 0.986666, 0, 1, 0, -0.986666, 0, 0.162758, -3, 0, 0)

[node name="SpawnPoint_2_4" parent="Team_Stuff/TEAM_2_HQ" instance=ExtResource("3_le20g")]
transform = Transform3D(-0.165771, 0, -0.986164, 0, 1, 0, 0.986164, 0, -0.165771, 0, 0, 3)

[node name="TEAM_3_HQ" parent="Team_Stuff" node_paths=PackedStringArray("InfantrySpawns") instance=ExtResource("1_hjvsx")]
transform = Transform3D(1, 0, 0, 0, 1, 0, 0, 0, 1, -111.316, 91.6712, -229.988)
Team = 3
AltTeam = 0
ObjId = 3
InfantrySpawns = [NodePath("SpawnPoint_3_1"), NodePath("SpawnPoint_3_2"), NodePath("SpawnPoint_3_3"), NodePath("SpawnPoint_3_4")]

[node name="HQ_Team3" type="CollisionPolygon3D" parent="Team_Stuff/TEAM_3_HQ"]
transform = Transform3D(1, 0, 2.38419e-07, 0, 1, 0, -2.38419e-07, 0, 1, 0, 5, 0)
polygon = PackedVector2Array(5, 5, 5, -5, -5, -5, -5, 5)
margin = 0.001
script = ExtResource("7_lk4jv")
points = PackedVector2Array(-5, -5, -5, 5, 5, 5, 5, -5)
color = Color(0, 0.6, 0.7, 0.42)

[node name="SpawnPoint_3_1" parent="Team_Stuff/TEAM_3_HQ" instance=ExtResource("3_le20g")]
transform = Transform3D(0.87795, 0, -0.478754, 0, 1, 0, 0.478754, 0, 0.87795, 0, 0, -3)

[node name="SpawnPoint_3_2" parent="Team_Stuff/TEAM_3_HQ" instance=ExtResource("3_le20g")]
transform = Transform3D(-0.997604, 0, 0.0691822, 0, 1, 0, -0.0691822, 0, -0.997604, 3, 0, 0)

[node name="SpawnPoint_3_3" parent="Team_Stuff/TEAM_3_HQ" instance=ExtResource("3_le20g")]
transform = Transform3D(0.162758, 0, 0.986666, 0, 1, 0, -0.986666, 0, 0.162758, -3, 0, 0)

[node name="SpawnPoint_3_4" parent="Team_Stuff/TEAM_3_HQ" instance=ExtResource("3_le20g")]
transform = Transform3D(-0.165771, 0, -0.986164, 0, 1, 0, 0.986164, 0, -0.165771, 0, 0, 3)

[node name="TEAM_4_HQ" parent="Team_Stuff" node_paths=PackedStringArray("InfantrySpawns") instance=ExtResource("1_hjvsx")]
transform = Transform3D(1, 0, 0, 0, 1, 0, 0, 0, 1, -111.316, 91.6712, -229.988)
Team = 4
AltTeam = 0
ObjId = 4
InfantrySpawns = [NodePath("SpawnPoint_4_1"), NodePath("SpawnPoint_4_2"), NodePath("SpawnPoint_4_3"), NodePath("SpawnPoint_4_4")]

[node name="HQ_Team4" type="CollisionPolygon3D" parent="Team_Stuff/TEAM_4_HQ"]
transform = Transform3D(1, 0, 2.38419e-07, 0, 1, 0, -2.38419e-07, 0, 1, 0, 5, 0)
polygon = PackedVector2Array(5, 5, 5, -5, -5, -5, -5, 5)
margin = 0.001
script = ExtResource("7_lk4jv")
points = PackedVector2Array(-5, -5, -5, 5, 5, 5, 5, -5)
color = Color(0, 0.6, 0.7, 0.42)

[node name="SpawnPoint_4_1" parent="Team_Stuff/TEAM_4_HQ" instance=ExtResource("3_le20g")]
transform = Transform3D(0.87795, 0, -0.478754, 0, 1, 0, 0.478754, 0, 0.87795, 0, 0, -3)

[node name="SpawnPoint_4_2" parent="Team_Stuff/TEAM_4_HQ" instance=ExtResource("3_le20g")]
transform = Transform3D(-0.997604, 0, 0.0691822, 0, 1, 0, -0.0691822, 0, -0.997604, 3, 0, 0)

[node name="SpawnPoint_4_3" parent="Team_Stuff/TEAM_4_HQ" instance=ExtResource("3_le20g")]
transform = Transform3D(0.162758, 0, 0.986666, 0, 1, 0, -0.986666, 0, 0.162758, -3, 0, 0)

[node name="SpawnPoint_4_4" parent="Team_Stuff/TEAM_4_HQ" instance=ExtResource("3_le20g")]
transform = Transform3D(-0.165771, 0, -0.986164, 0, 1, 0, 0.986164, 0, -0.165771, 0, 0, 3)

[node name="TEAM_5_HQ" parent="Team_Stuff" node_paths=PackedStringArray("InfantrySpawns") instance=ExtResource("1_hjvsx")]
transform = Transform3D(1, 0, 0, 0, 1, 0, 0, 0, 1, -111.316, 91.6712, -229.988)
Team = 5
AltTeam = 0
ObjId = 5
InfantrySpawns = [NodePath("SpawnPoint_5_1"), NodePath("SpawnPoint_5_2"), NodePath("SpawnPoint_5_3"), NodePath("SpawnPoint_5_4")]

[node name="HQ_Team5" type="CollisionPolygon3D" parent="Team_Stuff/TEAM_5_HQ"]
transform = Transform3D(1, 0, 2.38419e-07, 0, 1, 0, -2.38419e-07, 0, 1, 0, 5, 0)
polygon = PackedVector2Array(5, 5, 5, -5, -5, -5, -5, 5)
margin = 0.001
script = ExtResource("7_lk4jv")
points = PackedVector2Array(-5, -5, -5, 5, 5, 5, 5, -5)
color = Color(0, 0.6, 0.7, 0.42)

[node name="SpawnPoint_5_1" parent="Team_Stuff/TEAM_5_HQ" instance=ExtResource("3_le20g")]
transform = Transform3D(0.87795, 0, -0.478754, 0, 1, 0, 0.478754, 0, 0.87795, 0, 0, -3)

[node name="SpawnPoint_5_2" parent="Team_Stuff/TEAM_5_HQ" instance=ExtResource("3_le20g")]
transform = Transform3D(-0.997604, 0, 0.0691822, 0, 1, 0, -0.0691822, 0, -0.997604, 3, 0, 0)

[node name="SpawnPoint_5_3" parent="Team_Stuff/TEAM_5_HQ" instance=ExtResource("3_le20g")]
transform = Transform3D(0.162758, 0, 0.986666, 0, 1, 0, -0.986666, 0, 0.162758, -3, 0, 0)

[node name="SpawnPoint_5_4" parent="Team_Stuff/TEAM_5_HQ" instance=ExtResource("3_le20g")]
transform = Transform3D(-0.165771, 0, -0.986164, 0, 1, 0, 0.986164, 0, -0.165771, 0, 0, 3)

[node name="TEAM_6_HQ" parent="Team_Stuff" node_paths=PackedStringArray("InfantrySpawns") instance=ExtResource("1_hjvsx")]
transform = Transform3D(1, 0, 0, 0, 1, 0, 0, 0, 1, -111.316, 91.6712, -229.988)
Team = 6
AltTeam = 0
ObjId = 6
InfantrySpawns = [NodePath("SpawnPoint_6_1"), NodePath("SpawnPoint6_2"), NodePath("SpawnPoint_6_3"), NodePath("SpawnPoint_6_4")]

[node name="HQ_Team6" type="CollisionPolygon3D" parent="Team_Stuff/TEAM_6_HQ"]
transform = Transform3D(1, 0, 2.38419e-07, 0, 1, 0, -2.38419e-07, 0, 1, 0, 5, 0)
polygon = PackedVector2Array(5, 5, 5, -5, -5, -5, -5, 5)
margin = 0.001
script = ExtResource("7_lk4jv")
points = PackedVector2Array(-5, -5, -5, 5, 5, 5, 5, -5)
color = Color(0, 0.6, 0.7, 0.42)

[node name="SpawnPoint_6_1" parent="Team_Stuff/TEAM_6_HQ" instance=ExtResource("3_le20g")]
transform = Transform3D(0.87795, 0, -0.478754, 0, 1, 0, 0.478754, 0, 0.87795, 0, 0, -3)

[node name="SpawnPoint6_2" parent="Team_Stuff/TEAM_6_HQ" instance=ExtResource("3_le20g")]
transform = Transform3D(-0.997604, 0, 0.0691822, 0, 1, 0, -0.0691822, 0, -0.997604, 3, 0, 0)

[node name="SpawnPoint_6_3" parent="Team_Stuff/TEAM_6_HQ" instance=ExtResource("3_le20g")]
transform = Transform3D(0.162758, 0, 0.986666, 0, 1, 0, -0.986666, 0, 0.162758, -3, 0, 0)

[node name="SpawnPoint_6_4" parent="Team_Stuff/TEAM_6_HQ" instance=ExtResource("3_le20g")]
transform = Transform3D(-0.165771, 0, -0.986164, 0, 1, 0, 0.986164, 0, -0.165771, 0, 0, 3)

[node name="TEAM_7_HQ" parent="Team_Stuff" node_paths=PackedStringArray("InfantrySpawns") instance=ExtResource("1_hjvsx")]
transform = Transform3D(1, 0, 0, 0, 1, 0, 0, 0, 1, -111.316, 91.6712, -229.988)
Team = 7
AltTeam = 0
ObjId = 3
InfantrySpawns = [NodePath("SpawnPoint_7_1"), NodePath("SpawnPoint_7_2"), NodePath("SpawnPoint_7_3"), NodePath("SpawnPoint_7_4")]

[node name="HQ_Team7" type="CollisionPolygon3D" parent="Team_Stuff/TEAM_7_HQ"]
transform = Transform3D(1, 0, 2.38419e-07, 0, 1, 0, -2.38419e-07, 0, 1, 0, 5, 0)
polygon = PackedVector2Array(5, 5, 5, -5, -5, -5, -5, 5)
margin = 0.001
script = ExtResource("7_lk4jv")
points = PackedVector2Array(-5, -5, -5, 5, 5, 5, 5, -5)
color = Color(0, 0.6, 0.7, 0.42)

[node name="SpawnPoint_7_1" parent="Team_Stuff/TEAM_7_HQ" instance=ExtResource("3_le20g")]
transform = Transform3D(0.87795, 0, -0.478754, 0, 1, 0, 0.478754, 0, 0.87795, 0, 0, -3)

[node name="SpawnPoint_7_2" parent="Team_Stuff/TEAM_7_HQ" instance=ExtResource("3_le20g")]
transform = Transform3D(-0.997604, 0, 0.0691822, 0, 1, 0, -0.0691822, 0, -0.997604, 3, 0, 0)

[node name="SpawnPoint_7_3" parent="Team_Stuff/TEAM_7_HQ" instance=ExtResource("3_le20g")]
transform = Transform3D(0.162758, 0, 0.986666, 0, 1, 0, -0.986666, 0, 0.162758, -3, 0, 0)

[node name="SpawnPoint_7_4" parent="Team_Stuff/TEAM_7_HQ" instance=ExtResource("3_le20g")]
transform = Transform3D(-0.165771, 0, -0.986164, 0, 1, 0, 0.986164, 0, -0.165771, 0, 0, 3)

[node name="TEAM_8_HQ" parent="Team_Stuff" node_paths=PackedStringArray("InfantrySpawns") instance=ExtResource("1_hjvsx")]
transform = Transform3D(1, 0, 0, 0, 1, 0, 0, 0, 1, -111.316, 91.6712, -229.988)
Team = 8
AltTeam = 0
ObjId = 8
InfantrySpawns = [NodePath("SpawnPoint_8_1"), NodePath("SpawnPoint_8_2"), NodePath("SpawnPoint_8_3"), NodePath("SpawnPoint_8_4")]

[node name="HQ_Team8" type="CollisionPolygon3D" parent="Team_Stuff/TEAM_8_HQ"]
transform = Transform3D(1, 0, 2.38419e-07, 0, 1, 0, -2.38419e-07, 0, 1, 0, 5, 0)
polygon = PackedVector2Array(5, 5, 5, -5, -5, -5, -5, 5)
margin = 0.001
script = ExtResource("7_lk4jv")
points = PackedVector2Array(-5, -5, -5, 5, 5, 5, 5, -5)
color = Color(0, 0.6, 0.7, 0.42)

[node name="SpawnPoint_8_1" parent="Team_Stuff/TEAM_8_HQ" instance=ExtResource("3_le20g")]
transform = Transform3D(0.87795, 0, -0.478754, 0, 1, 0, 0.478754, 0, 0.87795, 0, 0, -3)

[node name="SpawnPoint_8_2" parent="Team_Stuff/TEAM_8_HQ" instance=ExtResource("3_le20g")]
transform = Transform3D(-0.997604, 0, 0.0691822, 0, 1, 0, -0.0691822, 0, -0.997604, 3, 0, 0)

[node name="SpawnPoint_8_3" parent="Team_Stuff/TEAM_8_HQ" instance=ExtResource("3_le20g")]
transform = Transform3D(0.162758, 0, 0.986666, 0, 1, 0, -0.986666, 0, 0.162758, -3, 0, 0)

[node name="SpawnPoint_8_4" parent="Team_Stuff/TEAM_8_HQ" instance=ExtResource("3_le20g")]
transform = Transform3D(-0.165771, 0, -0.986164, 0, 1, 0, 0.986164, 0, -0.165771, 0, 0, 3)

[node name="ModBuilder_AreaTrigger" parent="Team_Stuff" instance=ExtResource("9_ixrb5")]
transform = Transform3D(0.922747, 0, -0.385407, 0, 1, 0, 0.385407, 0, 0.922747, 295.202, 92.7022, -322.69)
ObjId = 100

[node name="CollisionPolygon3D" type="CollisionPolygon3D" parent="Team_Stuff/ModBuilder_AreaTrigger"]
depth = 10.0
polygon = PackedVector2Array(5, 5, -5, 5, -5, -5, 5, -5)
script = ExtResource("7_lk4jv")
points = PackedVector2Array(-5, -5, -5, 5, 5, 5, 5, -5)
color = Color(0, 0.6, 0.7, 0.42)

[node name="ModBuilder_AreaTrigger2" parent="Team_Stuff" instance=ExtResource("9_ixrb5")]
transform = Transform3D(0.922747, 0, -0.385407, 0, 1, 0, 0.385407, 0, 0.922747, 330.809, 92.7022, -310.938)
ObjId = 101

[node name="CollisionPolygon3D" type="CollisionPolygon3D" parent="Team_Stuff/ModBuilder_AreaTrigger2"]
depth = 10.0
polygon = PackedVector2Array(5, 5, -5, 5, -5, -5, 5, -5)
script = ExtResource("7_lk4jv")
points = PackedVector2Array(-5, -5, -5, 5, 5, 5, 5, -5)
color = Color(0, 0.6, 0.7, 0.42)

[node name="ModBuilder_AreaTrigger3" parent="Team_Stuff" instance=ExtResource("9_ixrb5")]
transform = Transform3D(0.922747, 0, -0.385407, 0, 1, 0, 0.385407, 0, 0.922747, 346.262, 92.7022, -291.867)
ObjId = 102

[node name="CollisionPolygon3D" type="CollisionPolygon3D" parent="Team_Stuff/ModBuilder_AreaTrigger3"]
depth = 10.0
polygon = PackedVector2Array(5, 5, -5, 5, -5, -5, 5, -5)
script = ExtResource("7_lk4jv")
points = PackedVector2Array(-5, -5, -5, 5, 5, 5, 5, -5)
color = Color(0, 0.6, 0.7, 0.42)

[node name="ModBuilder_AreaTrigger4" parent="Team_Stuff" instance=ExtResource("9_ixrb5")]
transform = Transform3D(0.922747, 0, -0.385407, 0, 1, 0, 0.385407, 0, 0.922747, 318.097, 97.5462, -244.834)
ObjId = 103

[node name="CollisionPolygon3D" type="CollisionPolygon3D" parent="Team_Stuff/ModBuilder_AreaTrigger4"]
depth = 10.0
polygon = PackedVector2Array(5, 5, -5, 5, -5, -5, 5, -5)
script = ExtResource("7_lk4jv")
points = PackedVector2Array(-5, -5, -5, 5, 5, 5, 5, -5)
color = Color(0, 0.6, 0.7, 0.42)

[node name="ModBuilder_AreaTrigger5" parent="Team_Stuff" instance=ExtResource("9_ixrb5")]
transform = Transform3D(0.922747, 0, -0.385407, 0, 1, 0, 0.385407, 0, 0.922747, 273.754, 101.418, -266.111)
ObjId = 104

[node name="CollisionPolygon3D" type="CollisionPolygon3D" parent="Team_Stuff/ModBuilder_AreaTrigger5"]
depth = 10.0
polygon = PackedVector2Array(5, 5, -5, 5, -5, -5, 5, -5)
script = ExtResource("7_lk4jv")
points = PackedVector2Array(-5, -5, -5, 5, 5, 5, 5, -5)
color = Color(0, 0.6, 0.7, 0.42)

[node name="ModBuilder_AreaTrigger6" parent="Team_Stuff" instance=ExtResource("9_ixrb5")]
transform = Transform3D(0.922747, 0, -0.385407, 0, 1, 0, 0.385407, 0, 0.922747, 243.476, 98.7922, -293.404)
ObjId = 105

[node name="CollisionPolygon3D" type="CollisionPolygon3D" parent="Team_Stuff/ModBuilder_AreaTrigger6"]
depth = 10.0
polygon = PackedVector2Array(5, 5, -10.8208, 6.99614, -10.1349, -6.71477, 2.55143, -13.0281)
script = ExtResource("7_lk4jv")
points = PackedVector2Array(-5, -5, -5, 5, 5, 5, 5, -5)
color = Color(0, 0.6, 0.7, 0.42)

[node name="ModBuilder_GruntSpawner" parent="Team_Stuff" instance=ExtResource("10_robpt")]
transform = Transform3D(0.779885, 0, -0.625923, 0, 1, 0, 0.625923, 0, 0.779885, 276.245, 87.1962, -299.985)
ObjId = 2205

[node name="WorldIcon_Team0" parent="Team_Stuff" instance=ExtResource("11_qprlo")]
transform = Transform3D(1, 0, 0, 0, 1, 0, 0, 0, 1, 107.624, 118.444, -390.509)
iconColor = [1.0, 1.0, 1.0]
iconImagePicker = 7

[node name="WorldIcon_Team1" parent="Team_Stuff" instance=ExtResource("11_qprlo")]
transform = Transform3D(1, 0, 0, 0, 1, 0, 0, 0, 1, 107.624, 118.444, -388.9)
ObjId = 1
iconColor = [1.0, 1.0, 1.0]
iconImagePicker = 7
iconTeamOwnerId = 1

[node name="WorldIcon_Team2" parent="Team_Stuff" instance=ExtResource("11_qprlo")]
transform = Transform3D(1, 0, 0, 0, 1, 0, 0, 0, 1, 107.624, 118.444, -387.108)
ObjId = 2
iconColor = [1.0, 1.0, 1.0]
iconImagePicker = 7
iconTeamOwnerId = 2

[node name="WorldIcon_Team3" parent="Team_Stuff" instance=ExtResource("11_qprlo")]
transform = Transform3D(1, 0, 0, 0, 1, 0, 0, 0, 1, 107.624, 118.444, -385.488)
ObjId = 3
iconColor = [1.0, 1.0, 1.0]
iconImagePicker = 7
iconTeamOwnerId = 3

[node name="WorldIcon_Team4" parent="Team_Stuff" instance=ExtResource("11_qprlo")]
transform = Transform3D(1, 0, 0, 0, 1, 0, 0, 0, 1, 107.624, 118.444, -383.921)
ObjId = 4
iconColor = [1.0, 1.0, 1.0]
iconImagePicker = 7
iconTeamOwnerId = 4

[node name="WorldIcon_Team5" parent="Team_Stuff" instance=ExtResource("11_qprlo")]
transform = Transform3D(1, 0, 0, 0, 1, 0, 0, 0, 1, 107.624, 118.444, -382.291)
ObjId = 5
iconColor = [1.0, 1.0, 1.0]
iconImagePicker = 7
iconTeamOwnerId = 5

[node name="Checkpoint" type="Node3D" parent="Team_Stuff"]
transform = Transform3D(0.997949, 0, -0.0640098, 0, 1, 0, 0.0640098, 0, 0.997949, -228.501, 49.4725, -426.385)

[node name="Portal_AreaTrigger" parent="Team_Stuff" instance=ExtResource("12_aioem")]
transform = Transform3D(0.721519, 0, 0.692395, 0, 1, 0, -0.692395, 0, 0.721519, -155.608, 111.728, -221.249)
ObjId = 99

[node name="GMPF_DeployCam2#Camera3D" type="Camera3D" parent="Team_Stuff"]
transform = Transform3D(-0.973311, 0, 0.229489, 0, 1, 0, -0.229489, 0, -0.973311, 0, 97.7007, -446.316)

[node name="Track_01" type="Node3D" parent="."]
transform = Transform3D(1, 0, 0, 0, 1, 0, 0, 0, 1, 786.209, 3.80638, 176.445)

[node name="Section 01" type="Node3D" parent="Track_01"]

[node name="Track_1_1" type="MeshInstance3D" parent="Track_01/Section 01"]
transform = Transform3D(0.2, 0, 0, 0, 0.2, 0, 0, 0, 0.2, -195.39, 69.415, -6.14159)
mesh = SubResource("SphereMesh_v302a")
skeleton = NodePath("")

[node name="ModBuilder_AreaTrigger8" parent="Track_01/Section 01/Track_1_1" instance=ExtResource("9_ixrb5")]
transform = Transform3D(0.999999, 0, 0, 0, 1, 0, 0, 0, 0.999999, 0, 0, 0)
ObjId = 101

[node name="CollisionPolygon3D" type="CollisionPolygon3D" parent="Track_01/Section 01/Track_1_1/ModBuilder_AreaTrigger8"]
transform = Transform3D(0.999999, 0, 0, 0, 1, 0, 0, 0, 0.999999, -0.0476436, -0.234848, -2.49285)
depth = 10.0
polygon = PackedVector2Array(25, 25, 25, -25, -25, -25, -25, 25)
script = ExtResource("7_lk4jv")
points = PackedVector2Array(-5, -5, -5, 5, 5, 5, 5, -5)
color = Color(0, 0.6, 0.7, 0.42)

[node name="Track_1_2" type="MeshInstance3D" parent="Track_01/Section 01"]
transform = Transform3D(0.2, 0, 0, 0, 0.2, 0, 0, 0, 0.2, -126.886, 69.4163, -8.44977)
mesh = SubResource("SphereMesh_v302a")
skeleton = NodePath("")

[node name="ModBuilder_AreaTrigger8" parent="Track_01/Section 01/Track_1_2" instance=ExtResource("9_ixrb5")]
transform = Transform3D(0.999999, 0, 0, 0, 1, 0, 0, 0, 0.999999, 0, 0, 0)
ObjId = 102

[node name="CollisionPolygon3D" type="CollisionPolygon3D" parent="Track_01/Section 01/Track_1_2/ModBuilder_AreaTrigger8"]
transform = Transform3D(0.999999, 0, 0, 0, 1, 0, 0, 0, 0.999999, -0.0476436, -0.234848, -2.49285)
depth = 10.0
polygon = PackedVector2Array(25, 25, 25, -25, -25, -25, -25, 25)
script = ExtResource("7_lk4jv")
points = PackedVector2Array(-5, -5, -5, 5, 5, 5, 5, -5)
color = Color(0, 0.6, 0.7, 0.42)

[node name="Track_1_3" type="MeshInstance3D" parent="Track_01/Section 01"]
transform = Transform3D(0.2, 0, 0, 0, 0.2, 0, 0, 0, 0.2, -116.753, 67.0292, -68.0208)
mesh = SubResource("SphereMesh_v302a")
skeleton = NodePath("")

[node name="ModBuilder_AreaTrigger8" parent="Track_01/Section 01/Track_1_3" instance=ExtResource("9_ixrb5")]
transform = Transform3D(0.999999, 0, 0, 0, 1, 0, 0, 0, 0.999999, 0, 0, 0)
ObjId = 103

[node name="CollisionPolygon3D" type="CollisionPolygon3D" parent="Track_01/Section 01/Track_1_3/ModBuilder_AreaTrigger8"]
transform = Transform3D(0.999999, 0, 0, 0, 1, 0, 0, 0, 0.999999, -0.0476436, -0.234848, -2.49285)
depth = 10.0
polygon = PackedVector2Array(25, 25, 25, -25, -25, -25, -25, 25)
script = ExtResource("7_lk4jv")
points = PackedVector2Array(-5, -5, -5, 5, 5, 5, 5, -5)
color = Color(0, 0.6, 0.7, 0.42)

[node name="Track_1_4" type="MeshInstance3D" parent="Track_01/Section 01"]
transform = Transform3D(0.2, 0, 0, 0, 0.2, 0, 0, 0, 0.2, -77.8092, 67.7171, -106.66)
mesh = SubResource("SphereMesh_v302a")
skeleton = NodePath("")

[node name="ModBuilder_AreaTrigger8" parent="Track_01/Section 01/Track_1_4" instance=ExtResource("9_ixrb5")]
transform = Transform3D(0.999999, 0, 0, 0, 1, 0, 0, 0, 0.999999, 0, 0, 0)
ObjId = 104

[node name="CollisionPolygon3D" type="CollisionPolygon3D" parent="Track_01/Section 01/Track_1_4/ModBuilder_AreaTrigger8"]
transform = Transform3D(0.999999, 0, 0, 0, 1, 0, 0, 0, 0.999999, -0.0476436, -0.234848, -2.49285)
depth = 10.0
polygon = PackedVector2Array(25, 25, 25, -25, -25, -25, -25, 25)
script = ExtResource("7_lk4jv")
points = PackedVector2Array(-5, -5, -5, 5, 5, 5, 5, -5)
color = Color(0, 0.6, 0.7, 0.42)

[node name="Track_1_5" type="MeshInstance3D" parent="Track_01/Section 01"]
transform = Transform3D(0.2, 0, 0, 0, 0.2, 0, 0, 0, 0.2, -52.7444, 68.7479, -105.9)
mesh = SubResource("SphereMesh_v302a")
skeleton = NodePath("")

[node name="ModBuilder_AreaTrigger8" parent="Track_01/Section 01/Track_1_5" instance=ExtResource("9_ixrb5")]
transform = Transform3D(0.999999, 0, 0, 0, 1, 0, 0, 0, 0.999999, 0, 0, 0)
ObjId = 106

[node name="CollisionPolygon3D" type="CollisionPolygon3D" parent="Track_01/Section 01/Track_1_5/ModBuilder_AreaTrigger8"]
transform = Transform3D(0.999999, 0, 0, 0, 1, 0, 0, 0, 0.999999, -0.0476436, -0.234848, -2.49285)
depth = 10.0
polygon = PackedVector2Array(25, 25, 25, -25, -25, -25, -25, 25)
script = ExtResource("7_lk4jv")
points = PackedVector2Array(-5, -5, -5, 5, 5, 5, 5, -5)
color = Color(0, 0.6, 0.7, 0.42)

[node name="Track_1_6" type="MeshInstance3D" parent="Track_01/Section 01"]
transform = Transform3D(0.2, 0, 0, 0, 0.2, 0, 0, 0, 0.2, 0.811096, 70.0842, -137.734)
mesh = SubResource("SphereMesh_v302a")
skeleton = NodePath("")

[node name="ModBuilder_AreaTrigger8" parent="Track_01/Section 01/Track_1_6" instance=ExtResource("9_ixrb5")]
transform = Transform3D(0.999999, 0, 0, 0, 1, 0, 0, 0, 0.999999, 0, 0, 0)
ObjId = 106

[node name="CollisionPolygon3D" type="CollisionPolygon3D" parent="Track_01/Section 01/Track_1_6/ModBuilder_AreaTrigger8"]
transform = Transform3D(0.999999, 0, 0, 0, 1, 0, 0, 0, 0.999999, -0.0476436, -0.234848, -2.49285)
depth = 10.0
polygon = PackedVector2Array(25, 25, 25, -25, -25, -25, -25, 25)
script = ExtResource("7_lk4jv")
points = PackedVector2Array(-5, -5, -5, 5, 5, 5, 5, -5)
color = Color(0, 0.6, 0.7, 0.42)

[node name="Respawn" type="Node3D" parent="Track_01/Section 01"]
transform = Transform3D(-0.998998, 0, -0.0447351, 0, 1, 0, 0.0447351, 0, -0.998998, -197.38, 67.6775, -49.66)

[node name="RespawnStart" type="MeshInstance3D" parent="Track_01/Section 01/Respawn"]
transform = Transform3D(0.249816, -7.26255e-06, -0.00957975, 6.18735e-06, 0.25, -2.81776e-05, 0.00957975, 2.79198e-05, 0.249816, 0, 0, 0)
transparency = 0.2
mesh = SubResource("SphereMesh_aobhe")
skeleton = NodePath("")

[node name="RespawnStart2" type="MeshInstance3D" parent="Track_01/Section 01/Respawn"]
transform = Transform3D(0.249816, -7.26255e-06, -0.00957975, 6.18735e-06, 0.25, -2.81776e-05, 0.00957975, 2.79198e-05, 0.249816, 5.45111, 0, 0.244095)
transparency = 0.2
mesh = SubResource("SphereMesh_aobhe")
skeleton = NodePath("")

[node name="Respawn2" type="Node3D" parent="Track_01/Section 01"]
transform = Transform3D(0.738031, 0, -0.674766, 0, 1, 0, 0.674766, 0, 0.738031, -113.527, 67.6775, -80.3053)

[node name="RespawnStart" type="MeshInstance3D" parent="Track_01/Section 01/Respawn2"]
transform = Transform3D(0.249816, -7.26255e-06, -0.00957975, 6.18735e-06, 0.25, -2.81776e-05, 0.00957975, 2.79198e-05, 0.249816, 0, 0, 0)
transparency = 0.2
mesh = SubResource("SphereMesh_aobhe")
skeleton = NodePath("")

[node name="RespawnStart2" type="MeshInstance3D" parent="Track_01/Section 01/Respawn2"]
transform = Transform3D(0.249816, -7.26255e-06, -0.00957975, 6.18735e-06, 0.25, -2.81776e-05, 0.00957975, 2.79198e-05, 0.249816, 5.45111, 0, 0.244095)
transparency = 0.2
mesh = SubResource("SphereMesh_aobhe")
skeleton = NodePath("")

[node name="Section 02" type="Node3D" parent="Track_01"]

[node name="Track_2_1" type="MeshInstance3D" parent="Track_01/Section 02"]
transform = Transform3D(0.2, 0, 0, 0, 0.2, 0, 0, 0, 0.2, 19.3838, 70.0842, -127.794)
mesh = SubResource("SphereMesh_v302a")
skeleton = NodePath("")

[node name="ModBuilder_AreaTrigger8" parent="Track_01/Section 02/Track_2_1" instance=ExtResource("9_ixrb5")]
transform = Transform3D(0.999999, 0, 0, 0, 1, 0, 0, 0, 0.999999, 0, 0, 0)
ObjId = 201

[node name="CollisionPolygon3D" type="CollisionPolygon3D" parent="Track_01/Section 02/Track_2_1/ModBuilder_AreaTrigger8"]
transform = Transform3D(0.999999, 0, 0, 0, 1, 0, 0, 0, 0.999999, -0.0476436, -0.234848, -2.49285)
depth = 10.0
polygon = PackedVector2Array(25, 25, 25, -25, -25, -25, -25, 25)
script = ExtResource("7_lk4jv")
points = PackedVector2Array(-5, -5, -5, 5, 5, 5, 5, -5)
color = Color(0, 0.6, 0.7, 0.42)

[node name="Track_2_2" type="MeshInstance3D" parent="Track_01/Section 02"]
transform = Transform3D(0.2, 0, 0, 0, 0.2, 0, 0, 0, 0.2, 58.0847, 70.0842, -132.769)
mesh = SubResource("SphereMesh_v302a")
skeleton = NodePath("")

[node name="ModBuilder_AreaTrigger8" parent="Track_01/Section 02/Track_2_2" instance=ExtResource("9_ixrb5")]
transform = Transform3D(0.999999, 0, 0, 0, 1, 0, 0, 0, 0.999999, -28.2925, 0.0170593, 7.22314)
ObjId = 202

[node name="CollisionPolygon3D" type="CollisionPolygon3D" parent="Track_01/Section 02/Track_2_2/ModBuilder_AreaTrigger8"]
transform = Transform3D(0.999999, 0, 0, 0, 1, 0, 0, 0, 0.999999, -0.0476436, -0.234848, -2.49285)
depth = 10.0
polygon = PackedVector2Array(25, 25, 25, -25, -25, -25, -25, 25)
script = ExtResource("7_lk4jv")
points = PackedVector2Array(-5, -5, -5, 5, 5, 5, 5, -5)
color = Color(0, 0.6, 0.7, 0.42)

[node name="Track_2_3" type="MeshInstance3D" parent="Track_01/Section 02"]
transform = Transform3D(0.2, 0, 0, 0, 0.2, 0, 0, 0, 0.2, 47.1062, 70.0842, -98.1258)
mesh = SubResource("SphereMesh_v302a")
skeleton = NodePath("")

[node name="ModBuilder_AreaTrigger8" parent="Track_01/Section 02/Track_2_3" instance=ExtResource("9_ixrb5")]
transform = Transform3D(0.999999, 0, 0, 0, 1, 0, 0, 0, 0.999999, 0, 0, 0)
ObjId = 203

[node name="CollisionPolygon3D" type="CollisionPolygon3D" parent="Track_01/Section 02/Track_2_3/ModBuilder_AreaTrigger8"]
transform = Transform3D(0.999999, 0, 0, 0, 1, 0, 0, 0, 0.999999, -0.0476436, -0.234848, -2.49285)
depth = 10.0
polygon = PackedVector2Array(25, 25, 25, -25, -25, -25, -25, 25)
script = ExtResource("7_lk4jv")
points = PackedVector2Array(-5, -5, -5, 5, 5, 5, 5, -5)
color = Color(0, 0.6, 0.7, 0.42)

[node name="Respawn" type="Node3D" parent="Track_01/Section 02"]
transform = Transform3D(0.666037, 0, -0.745917, 0, 1, 0, 0.745917, 0, 0.666037, 10.071, 72.3368, -124.932)

[node name="RespawnStart" type="MeshInstance3D" parent="Track_01/Section 02/Respawn"]
transform = Transform3D(0.249816, -7.26255e-06, -0.00957975, 6.18735e-06, 0.25, -2.81776e-05, 0.00957975, 2.79198e-05, 0.249816, 0, 0, 0)
transparency = 0.2
mesh = SubResource("SphereMesh_aobhe")
skeleton = NodePath("")

[node name="RespawnStart2" type="MeshInstance3D" parent="Track_01/Section 02/Respawn"]
transform = Transform3D(0.249816, -7.26255e-06, -0.00957975, 6.18735e-06, 0.25, -2.81776e-05, 0.00957975, 2.79198e-05, 0.249816, 5.45111, 0, 0.244095)
transparency = 0.2
mesh = SubResource("SphereMesh_aobhe")
skeleton = NodePath("")

[node name="Section 03" type="Node3D" parent="Track_01"]

[node name="Track_3_1" type="MeshInstance3D" parent="Track_01/Section 03"]
transform = Transform3D(0.2, 0, 0, 0, 0.2, 0, 0, 0, 0.2, 65.6896, 74.3797, -59.9248)
mesh = SubResource("SphereMesh_v302a")
skeleton = NodePath("")

[node name="ModBuilder_AreaTrigger8" parent="Track_01/Section 03/Track_3_1" instance=ExtResource("9_ixrb5")]
transform = Transform3D(0.999999, 0, 0, 0, 1, 0, 0, 0, 0.999999, 0, 0, 0)
ObjId = 201

[node name="CollisionPolygon3D" type="CollisionPolygon3D" parent="Track_01/Section 03/Track_3_1/ModBuilder_AreaTrigger8"]
transform = Transform3D(0.999999, 0, 0, 0, 1, 0, 0, 0, 0.999999, -0.0476436, -0.234848, -2.49285)
depth = 10.0
polygon = PackedVector2Array(25, 25, 25, -25, -25, -25, -25, 25)
script = ExtResource("7_lk4jv")
points = PackedVector2Array(-5, -5, -5, 5, 5, 5, 5, -5)
color = Color(0, 0.6, 0.7, 0.42)

[node name="Track_3_2" type="MeshInstance3D" parent="Track_01/Section 03"]
transform = Transform3D(0.157632, 0, 0.123093, 0, 0.2, 0, -0.123093, 0, 0.157632, 100.804, 75.3439, -47.573)
mesh = SubResource("SphereMesh_v302a")
skeleton = NodePath("")

[node name="ModBuilder_AreaTrigger8" parent="Track_01/Section 03/Track_3_2" instance=ExtResource("9_ixrb5")]
transform = Transform3D(0.999999, 0, 0, 0, 1, 0, 0, 0, 0.999999, 0, 0, 0)
ObjId = 202

[node name="CollisionPolygon3D" type="CollisionPolygon3D" parent="Track_01/Section 03/Track_3_2/ModBuilder_AreaTrigger8"]
transform = Transform3D(0.999999, 0, 0, 0, 1, 0, 0, 0, 0.999999, 0, 0, 0)
depth = 10.0
polygon = PackedVector2Array(25, 25, 25, -25, -25, -25, -25, 25)
script = ExtResource("7_lk4jv")
points = PackedVector2Array(-5, -5, -5, 5, 5, 5, 5, -5)
color = Color(0, 0.6, 0.7, 0.42)

[node name="Track_3_3" type="MeshInstance3D" parent="Track_01/Section 03"]
transform = Transform3D(0.141421, 0, -0.141421, 0, 0.2, 0, 0.141421, 0, 0.141421, 142.787, 70.56, -49.8579)
mesh = SubResource("SphereMesh_v302a")
skeleton = NodePath("")

[node name="ModBuilder_AreaTrigger8" parent="Track_01/Section 03/Track_3_3" instance=ExtResource("9_ixrb5")]
transform = Transform3D(0.999999, 0, 0, 0, 1, 0, 0, 0, 0.999999, 0, 0, 0)
ObjId = 203

[node name="CollisionPolygon3D" type="CollisionPolygon3D" parent="Track_01/Section 03/Track_3_3/ModBuilder_AreaTrigger8"]
transform = Transform3D(0.999999, 0, 0, 0, 1, 0, 0, 0, 0.999999, -0.0476436, -0.234848, -2.49285)
depth = 10.0
polygon = PackedVector2Array(25, 25, 25, -25, -25, -25, -25, 25)
script = ExtResource("7_lk4jv")
points = PackedVector2Array(-5, -5, -5, 5, 5, 5, 5, -5)
color = Color(0, 0.6, 0.7, 0.42)

[node name="Track_3_4" type="MeshInstance3D" parent="Track_01/Section 03"]
transform = Transform3D(0.189887, 0, 0.0627919, 0, 0.2, 0, -0.0627919, 0, 0.189887, 123.974, 72.7286, -12.8122)
mesh = SubResource("SphereMesh_v302a")
skeleton = NodePath("")

[node name="ModBuilder_AreaTrigger8" parent="Track_01/Section 03/Track_3_4" instance=ExtResource("9_ixrb5")]
transform = Transform3D(0.999999, 0, 0, 0, 1, 0, 0, 0, 0.999999, 0, 0, 0)
ObjId = 203

[node name="CollisionPolygon3D" type="CollisionPolygon3D" parent="Track_01/Section 03/Track_3_4/ModBuilder_AreaTrigger8"]
transform = Transform3D(0.999999, 0, 0, 0, 1, 0, 0, 0, 0.999999, -0.0476436, -0.234848, -2.49285)
depth = 10.0
polygon = PackedVector2Array(25, 25, 25, -25, -25, -25, -25, 25)
script = ExtResource("7_lk4jv")
points = PackedVector2Array(-5, -5, -5, 5, 5, 5, 5, -5)
color = Color(0, 0.6, 0.7, 0.42)

[node name="Track_3_5" type="MeshInstance3D" parent="Track_01/Section 03"]
transform = Transform3D(0.133322, 0, -0.149081, 0, 0.2, 0, 0.149081, 0, 0.133322, 117.9, 81.4993, 39.9766)
mesh = SubResource("SphereMesh_v302a")
skeleton = NodePath("")

[node name="ModBuilder_AreaTrigger8" parent="Track_01/Section 03/Track_3_5" instance=ExtResource("9_ixrb5")]
transform = Transform3D(0.999999, 0, 0, 0, 1, 0, 0, 0, 0.999999, 0, 0, 0)
ObjId = 203

[node name="CollisionPolygon3D" type="CollisionPolygon3D" parent="Track_01/Section 03/Track_3_5/ModBuilder_AreaTrigger8"]
transform = Transform3D(0.999999, 0, 0, 0, 1, 0, 0, 0, 0.999999, -0.0476436, -0.234848, -2.49285)
depth = 10.0
polygon = PackedVector2Array(25, 25, 25, -25, -25, -25, -25, 25)
script = ExtResource("7_lk4jv")
points = PackedVector2Array(-5, -5, -5, 5, 5, 5, 5, -5)
color = Color(0, 0.6, 0.7, 0.42)

[node name="Track_3_6" type="MeshInstance3D" parent="Track_01/Section 03"]
transform = Transform3D(0.133322, 0, -0.149081, 0, 0.2, 0, 0.149081, 0, 0.133322, 100.439, 81.6908, 21.5034)
mesh = SubResource("SphereMesh_v302a")
skeleton = NodePath("")

[node name="ModBuilder_AreaTrigger8" parent="Track_01/Section 03/Track_3_6" instance=ExtResource("9_ixrb5")]
transform = Transform3D(0.999999, 0, 0, 0, 1, 0, 0, 0, 0.999999, 0, 0, 0)
ObjId = 203

[node name="CollisionPolygon3D" type="CollisionPolygon3D" parent="Track_01/Section 03/Track_3_6/ModBuilder_AreaTrigger8"]
transform = Transform3D(0.999999, 0, 0, 0, 1, 0, 0, 0, 0.999999, -0.0476436, -0.234848, -2.49285)
depth = 10.0
polygon = PackedVector2Array(25, 25, 25, -25, -25, -25, -25, 25)
script = ExtResource("7_lk4jv")
points = PackedVector2Array(-5, -5, -5, 5, 5, 5, 5, -5)
color = Color(0, 0.6, 0.7, 0.42)

[node name="Respawn" type="Node3D" parent="Track_01/Section 03"]
transform = Transform3D(-0.548118, 0, -0.8364, 0, 1, 0, 0.8364, 0, -0.548118, 35.7384, 72.3368, -104.4)

[node name="RespawnStart" type="MeshInstance3D" parent="Track_01/Section 03/Respawn"]
transform = Transform3D(0.249816, -7.26255e-06, -0.00957975, 6.18735e-06, 0.25, -2.81776e-05, 0.00957975, 2.79198e-05, 0.249816, 0, 0, 0)
transparency = 0.2
mesh = SubResource("SphereMesh_aobhe")
skeleton = NodePath("")

[node name="RespawnStart2" type="MeshInstance3D" parent="Track_01/Section 03/Respawn"]
transform = Transform3D(0.249816, -7.26255e-06, -0.00957975, 6.18735e-06, 0.25, -2.81776e-05, 0.00957975, 2.79198e-05, 0.249816, 5.45111, 0, 0.244095)
transparency = 0.2
mesh = SubResource("SphereMesh_aobhe")
skeleton = NodePath("")

[node name="Respawn2" type="Node3D" parent="Track_01/Section 03"]
transform = Transform3D(-0.862054, 0, -0.506815, 0, 1, 0, 0.506815, 0, -0.862054, 115.348, 72.3368, -41.6489)

[node name="RespawnStart" type="MeshInstance3D" parent="Track_01/Section 03/Respawn2"]
transform = Transform3D(0.249816, -7.26255e-06, -0.00957975, 6.18735e-06, 0.25, -2.81776e-05, 0.00957975, 2.79198e-05, 0.249816, 0, 0, 0)
transparency = 0.2
mesh = SubResource("SphereMesh_aobhe")
skeleton = NodePath("")

[node name="RespawnStart2" type="MeshInstance3D" parent="Track_01/Section 03/Respawn2"]
transform = Transform3D(0.249816, -7.26255e-06, -0.00957975, 6.18735e-06, 0.25, -2.81776e-05, 0.00957975, 2.79198e-05, 0.249816, 5.45111, 0, 0.244095)
transparency = 0.2
mesh = SubResource("SphereMesh_aobhe")
skeleton = NodePath("")

[node name="Section 04" type="Node3D" parent="Track_01"]
transform = Transform3D(1, 0, 0, 0, 1, 0, 0, 0, 1, 14.5002, 0, 65.334)

[node name="Track_4_1" type="MeshInstance3D" parent="Track_01/Section 04"]
transform = Transform3D(0.2, 0, 0, 0, 0.2, 0, 0, 0, 0.2, 58.6477, 80.1417, -70.3293)
mesh = SubResource("SphereMesh_v302a")
skeleton = NodePath("")

[node name="ModBuilder_AreaTrigger8" parent="Track_01/Section 04/Track_4_1" instance=ExtResource("9_ixrb5")]
transform = Transform3D(0.999999, 0, 0, 0, 1, 0, 0, 0, 0.999999, 0, 0, 0)
ObjId = 201

[node name="CollisionPolygon3D" type="CollisionPolygon3D" parent="Track_01/Section 04/Track_4_1/ModBuilder_AreaTrigger8"]
transform = Transform3D(0.999999, 0, 0, 0, 1, 0, 0, 0, 0.999999, -0.0476436, -0.234848, -2.49285)
depth = 10.0
polygon = PackedVector2Array(25, 25, 25, -25, -25, -25, -25, 25)
script = ExtResource("7_lk4jv")
points = PackedVector2Array(-5, -5, -5, 5, 5, 5, 5, -5)
color = Color(0, 0.6, 0.7, 0.42)

[node name="Track_4_2" type="MeshInstance3D" parent="Track_01/Section 04"]
transform = Transform3D(0.2, 0, 0, 0, 0.2, 0, 0, 0, 0.2, 35.7435, 81.712, -45.4947)
mesh = SubResource("SphereMesh_v302a")
skeleton = NodePath("")

[node name="ModBuilder_AreaTrigger8" parent="Track_01/Section 04/Track_4_2" instance=ExtResource("9_ixrb5")]
transform = Transform3D(0.999999, 0, 0, 0, 1, 0, 0, 0, 0.999999, 0, 0, 0)
ObjId = 201

[node name="CollisionPolygon3D" type="CollisionPolygon3D" parent="Track_01/Section 04/Track_4_2/ModBuilder_AreaTrigger8"]
transform = Transform3D(0.999999, 0, 0, 0, 1, 0, 0, 0, 0.999999, -0.0476436, -0.234848, -2.49285)
depth = 10.0
polygon = PackedVector2Array(25, 25, 25, -25, -25, -25, -25, 25)
script = ExtResource("7_lk4jv")
points = PackedVector2Array(-5, -5, -5, 5, 5, 5, 5, -5)
color = Color(0, 0.6, 0.7, 0.42)

[node name="Track_4_3" type="MeshInstance3D" parent="Track_01/Section 04"]
transform = Transform3D(0.2, 0, 0, 0, 0.2, 0, 0, 0, 0.2, 57.2958, 81.8211, -28.7096)
mesh = SubResource("SphereMesh_v302a")
skeleton = NodePath("")

[node name="ModBuilder_AreaTrigger8" parent="Track_01/Section 04/Track_4_3" instance=ExtResource("9_ixrb5")]
transform = Transform3D(0.999999, 0, 0, 0, 1, 0, 0, 0, 0.999999, 0, 0, 0)
ObjId = 201

